2858,1
260,2
1196,3
2028,4
1198,5
593,6
2571,7
2762,8
1210,9
608,10
527,11
318,12
589,13
858,14
110,15
1197,16
1270,17
2396,18
1617,19
296,20
2997,21
480,22
1240,23
356,24
1265,25
1,26
1580,27
1097,28
1214,29
457,30
50,31
2716,32
1193,33
3578,34
541,35
1221,36
912,37
1200,38
1259,39
919,40
1213,41
1136,42
1036,43
3114,44
1610,45
1291,46
2791,47
924,48
1387,49
1704,50
2916,51
34,52
1307,53
750,54
2355,55
1304,56
908,57
2918,58
2000,59
1225,60
3175,61
2628,62
2599,63
2987,64
2804,65
2959,66
32,67
1968,68
1394,69
3471,70
1230,71
2797,72
1784,73
1247,74
3793,75
1961,76
1127,77
1219,78
223,79
590,80
1252,81
1374,82
3481,83
111,84
1089,85
150,86
1278,87
1079,88
1222,89
2324,90
3147,91
1358,92
1923,93
780,94
904,95
1208,96
3751,97
923,98
377,99
3408,100
1220,101
1206,102
913,103
3421,104
1234,105
1242,106
1090,107
1288,108
588,109
2706,110
2692,111
47,112
969,113
1393,114
1721,115
1073,116
1584,117
1294,118
3418,119
2194,120
2700,121
2174,122
1233,123
2291,124
3671,125
1527,126
1641,127
1258,128
3897,129
1250,130
1356,131
733,132
1207,133
592,134
39,135
2395,136
2406,137
1148,138
380,139
920,140
3753,141
1954,142
1674,143
357,144
21,145
3160,146
1094,147
1276,148
1266,149
648,150
1517,151
364,152
1500,153
3527,154
903,155
2268,156
3176,157
3363,158
1573,159
3361,160
293,161
1673,162
2302,163
595,164
2321,165
1204,166
2336,167
2289,168
2683,169
2529,170
3256,171
910,172
2890,173
11,174
1199,175
1732,176
3448,177
1028,178
349,179
1080,180
1396,181
1376,182
3006,183
1682,184
2248,185
1953,186
474,187
2947,188
3255,189
2763,190
2115,191
36,192
2081,193
3552,194
1653,195
2640,196
1267,197
1201,198
3253,199
1639,200
6,201
3702,202
1408,203
1282,204
3072,205
440,206
1997,207
2985,208
1246,209
1625,210
539,211
3703,212
17,213
597,214
551,215
1608,216
2908,217
3052,218
2064,219
1215,220
1101,221
2353,222
1370,223
2968,224
1262,225
1299,226
899,227
745,228
1035,229
587,230
3499,231
25,232
953,233
3543,234
3081,235
1179,236
316,237
2502,238
3210,239
1231,240
1912,241
2657,242
235,243
2080,244
246,245
1183,246
3039,247
2019,248
1947,249
2020,250
3362,251
2001,252
1748,253
2352,254
3623,255
1060,256
778,257
1077,258
1249,259
1235,260
265,261
2006,262
3108,263
1302,264
1244,265
1287,266
1263,267
3510,268
2948,269
2100,270
2455,271
2407,272
1269,273
1272,274
1228,275
2944,276
3526,277
3148,278
1084,279
2011,280
3424,281
1293,282
2871,283
3683,284
529,285
3948,286
3104,287
1285,288
2329,289
2300,290
1203,291
1172,292
1407,293
2761,294
3911,295
367,296
594,297
2710,298
1909,299
2108,300
1275,301
1952,302
914,303
2580,304
1663,305
3555,306
3624,307
898,308
1333,309
1372,310
3504,311
3396,312
497,313
2391,314
2243,315
3101,316
1917,317
2359,318
3435,319
1188,320
1777,321
2617,322
161,323
2872,324
2915,325
800,326
2160,327
1466,328
10,329
1256,330
1676,331
1994,332
3386,333
3174,334
2288,335
2671,336
337,337
902,338
2501,339
1747,340
1960,341
3755,342
300,343
1284,344
1380,345
2949,346
555,347
454,348
165,349
2058,350
736,351
329,352
1965,353
1729,354
2012,355
3608,356
3037,357
1129,358
1962,359
2470,360
3699,361
2078,362
1292,363
3105,364
2664,365
2150,366
3868,367
2746,368
2542,369
16,370
2699,371
2105,372
2144,373
2366,374
1253,375
1722,376
2712,377
1544,378
2167,379
2278,380
968,381
3033,382
1945,383
2076,384
1343,385
785,386
1212,387
2686,388
368,389
1092,390
3360,391
922,392
1645,393
2490,394
1552,395
2067,396
2193,397
2186,398
3107,399
1248,400
3359,401
1957,402
3082,403
1223,404
2140,405
1296,406
1569,407
3095,408
500,409
1921,410
3044,411
2951,412
1375,413
2427,414
2161,415
3809,416
1597,417
1271,418
2770,419
508,420
253,421
3100,422
104,423
1095,424
3450,425
2333,426
866,427
720,428
2424,429
3763,430
1885,431
930,432
2005,433
2021,434
2917,435
509,436
1104,437
70,438
1254,439
3654,440
441,441
3476,442
58,443
3060,444
2662,445
3468,446
553,447
2393,448
1959,449
141,450
2795,451
353,452
3735,453
1391,454
1261,455
3317,456
1357,457
3730,458
1449,459
162,460
1956,461
2087,462
1022,463
1321,464
838,465
2109,466
3334,467
1224,468
2018,469
1834,470
2788,471
3178,472
3098,473
3252,474
266,475
2023,476
1876,477
471,478
2863,479
1041,480
994,481
2707,482
2572,483
916,484
2973,485
628,486
2273,487
1883,488
339,489
62,490
1485,491
933,492
1029,493
3035,494
1635,495
1019,496
2313,497
926,498
2371,499
3246,500
1185,501
708,502
2826,503
909,504
1257,505
2881,506
2137,507
247,508
2002,509
543,510
3196,511
1345,512
2294,513
2085,514
951,515
562,516
2966,517
955,518
1283,519
515,520
151,521
3479,522
1093,523
954,524
610,525
3916,526
1907,527
1339,528
1805,529
342,530
3536,531
1032,532
2528,533
1186,534
344,535
2527,536
788,537
2394,538
1982,539
3168,540
1967,541
345,542
1680,543
1274,544
596,545
2003,546
2641,547
928,548
2013,549
2728,550
905,551
3893,552
1678,553
2145,554
2096,555
2739,556
3203,557
1320,558
1088,559
3545,560
3019,561
3083,562
288,563
3298,564
3685,565
3005,566
29,567
2694,568
2605,569
1371,570
3551,571
292,572
2723,573
832,574
3260,575
1377,576
1086,577
3159,578
3070,579
1958,580
1217,581
3740,582
1694,583
2841,584
1955,585
3267,586
2539,587
3301,588
231,589
3591,590
671,591
3507,592
2912,593
2010,594
3863,595
112,596
3535,597
2648,598
2423,599
348,600
1537,601
1378,602
3512,603
2,604
1944,605
940,606
1950,607
1103,608
2919,609
3811,610
1719,611
1411,612
1587,613
524,614
2433,615
3836,616
3088,617
2565,618
3508,619
232,620
1711,621
1301,622
3698,623
1297,624
661,625
163,626
1918,627
45,628
3000,629
306,630
2054,631
3635,632
1344,633
3358,634
1042,635
3745,636
2398,637
1175,638
317,639
915,640
2046,641
2687,642
2065,643
1125,644
198,645
3704,646
1171,647
1120,648
3639,649
1476,650
3020,651
2124,652
586,653
3952,654
2125,655
3300,656
3062,657
1300,658
3524,659
1260,660
3068,661
3247,662
1245,663
2094,664
52,665
2245,666
3152,667
1078,668
1690,669
3201,670
3087,671
3638,672
3265,673
1238,674
180,675
3198,676
24,677
678,678
3263,679
1914,680
3505,681
911,682
1513,683
1350,684
852,685
1347,686
1096,687
2405,688
3067,689
2384,690
2688,691
653,692
950,693
434,694
3451,695
2369,696
272,697
2690,698
2993,699
2139,700
2857,701
2819,702
1277,703
1124,704
3681,705
2134,706
1081,707
3668,708
1059,709
1303,710
3462,711
2420,712
2581,713
741,714
3949,715
1237,716
647,717
2463,718
3489,719
1147,720
3307,721
1441,722
2724,723
350,724
2991,725
942,726
1047,727
2541,728
3844,729
3798,730
3827,731
1479,732
2318,733
1589,734
1243,735
1298,736
2311,737
2132,738
431,739
3271,740
3785,741
3429,742
802,743
3397,744
2921,745
475,746
3469,747
900,748
3186,749
333,750
1280,751
2133,752
2312,753
2454,754
2467,755
3629,756
3498,757
3007,758
2403,759
2303,760
1189,761
2118,762
2478,763
1927,764
552,765
3034,766
2976,767
3261,768
1693,769
2009,770
3441,771
164,772
3328,773
531,774
1061,775
2926,776
3089,777
3706,778
921,779
125,780
3071,781
2989,782
492,783
3467,784
144,785
7,786
3461,787
2734,788
2401,789
2469,790
599,791
2971,792
1385,793
3717,794
442,795
1964,796
945,797
2301,798
3409,799
1049,800
1916,801
2116,802
2130,803
1586,804
3157,805
3733,806
1566,807
2390,808
538,809
2759,810
1178,811
1594,812
3752,813
314,814
2138,815
3244,816
535,817
2859,818
805,819
3614,820
971,821
3494,822
3185,823
2231,824
319,825
446,826
3061,827
3871,828
2141,829
2600,830
965,831
494,832
3617,833
1218,834
534,835
2203,836
2431,837
428,838
1264,839
3030,840
3701,841
3173,842
1810,843
307,844
3783,845
1012,846
3819,847
2413,848
1963,849
514,850
3219,851
3163,852
2779,853
69,854
1614,855
3927,856
3398,857
1643,858
1845,859
2357,860
41,861
2622,862
2015,863
2070,864
3618,865
3384,866
3259,867
3556,868
3365,869
3513,870
3675,871
2112,872
2792,873
1405,874
1131,875
3269,876
222,877
1949,878
3741,879
1754,880
3264,881
95,882
1211,883
1132,884
230,885
1672,886
1354,887
1892,888
3548,889
1620,890
3366,891
3189,892
3129,893
1459,894
2750,895
1931,896
373,897
1619,898
3744,899
493,900
2946,901
1939,902
3022,903
3576,904
2117,905
3770,906
1518,907
2414,908
3549,909
2722,910
224,911
934,912
2496,913
1251,914
2677,915
22,916
1348,917
101,918
2474,919
2282,920
3633,921
2598,922
2670,923
3873,924
3723,925
2348,926
1226,927
3250,928
3801,929
3155,930
1835,931
3697,932
786,933
249,934
261,935
3686,936
3257,937
1792,938
507,939
1023,940
1031,941
3814,942
145,943
3354,944
3534,945
1025,946
3347,947
2644,948
3684,949
3742,950
1873,951
105,952
1286,953
2693,954
2409,955
3788,956
1227,957
3760,958
1688,959
3097,960
153,961
783,962
2745,963
799,964
1911,965
1268,966
2672,967
2922,968
1633,969
2883,970
372,971
2731,972
1884,973
2208,974
1946,975
1717,976
2114,977
412,978
2764,979
532,980
2340,981
3102,982
1373,983
2867,984
1281,985
185,986
2861,987
2889,988
3869,989
949,990
2941,991
1020,992
2143,993
1057,994
1017,995
1392,996
861,997
3812,998
952,999
947,1000
466,1001
2202,1002
2533,1003
2718,1004
1446,1005
3090,1006
73,1007
3273,1008
2990,1009
748,1010
2518,1011
176,1012
208,1013
2083,1014
3516,1015
2747,1016
1340,1017
1295,1018
3153,1019
3016,1020
2717,1021
216,1022
906,1023
3342,1024
2110,1025
1066,1026
2803,1027
3,1028
1135,1029
252,1030
3932,1031
1099,1032
308,1033
3566,1034
2022,1035
3501,1036
1831,1037
481,1038
1683,1039
2363,1040
60,1041
2335,1042
3700,1043
468,1044
3712,1045
1801,1046
3274,1047
1734,1048
931,1049
2702,1050
3135,1051
3546,1052
3074,1053
1701,1054
196,1055
517,1056
724,1057
3634,1058
3615,1059
3791,1060
1033,1061
674,1062
1013,1063
1429,1064
3134,1065
986,1066
2729,1067
194,1068
2378,1069
728,1070
2297,1071
1416,1072
3521,1073
2099,1074
3341,1075
233,1076
2334,1077
2583,1078
376,1079
1616,1080
3111,1081
1027,1082
2901,1083
2485,1084
28,1085
3213,1086
3018,1087
1542,1088
663,1089
2287,1090
616,1091
1037,1092
410,1093
3682,1094
2416,1095
236,1096
1948,1097
2183,1098
3251,1099
1290,1100
3040,1101
1951,1102
932,1103
3169,1104
3156,1105
1797,1106
281,1107
3296,1108
1409,1109
2090,1110
2840,1111
3852,1112
2247,1113
2376,1114
2171,1115
1894,1116
2952,1117
1209,1118
1289,1119
3910,1120
2942,1121
1367,1122
1361,1123
3528,1124
1895,1125
1615,1126
1649,1127
943,1128
2111,1129
999,1130
585,1131
303,1132
1334,1133
322,1134
1888,1135
448,1136
2875,1137
2176,1138
3053,1139
2346,1140
2240,1141
2735,1142
2206,1143
3525,1144
2059,1145
1395,1146
520,1147
361,1148
2155,1149
3789,1150
48,1151
2232,1152
3249,1153
280,1154
2457,1155
2936,1156
2236,1157
918,1158
3917,1159
2476,1160
2071,1161
379,1162
1279,1163
3724,1164
3466,1165
2616,1166
1205,1167
168,1168
2159,1169
3452,1170
3606,1171
3831,1172
2428,1173
3565,1174
175,1175
2929,1176
2866,1177
170,1178
351,1179
3204,1180
3091,1181
2459,1182
3438,1183
3420,1184
262,1185
3032,1186
2262,1187
2935,1188
1769,1189
290,1190
1015,1191
3125,1192
1730,1193
2375,1194
3113,1195
2146,1196
3066,1197
1779,1198
3200,1199
3145,1200
3093,1201
938,1202
2567,1203
2530,1204
1588,1205
1150,1206
383,1207
2126,1208
1913,1209
3254,1210
1966,1211
2794,1212
556,1213
3404,1214
1480,1215
1687,1216
2805,1217
3478,1218
1611,1219
3728,1220
2439,1221
370,1222
1030,1223
435,1224
581,1225
3099,1226
837,1227
2442,1228
1009,1229
1177,1230
1648,1231
3882,1232
3350,1233
417,1234
946,1235
2410,1236
1644,1237
2870,1238
3929,1239
3649,1240
2513,1241
2726,1242
2253,1243
3364,1244
1100,1245
154,1246
2732,1247
107,1248
1327,1249
3179,1250
94,1251
3538,1252
1194,1253
1379,1254
1799,1255
3308,1256
86,1257
1974,1258
3197,1259
3729,1260
2097,1261
2943,1262
3928,1263
3079,1264
2612,1265
936,1266
3477,1267
215,1268
362,1269
3194,1270
2553,1271
2852,1272
1591,1273
1273,1274
3181,1275
3676,1276
2701,1277
2402,1278
2611,1279
2736,1280
2575,1281
901,1282
1050,1283
849,1284
892,1285
549,1286
714,1287
1735,1288
1414,1289
477,1290
1034,1291
2550,1292
3727,1293
2468,1294
2349,1295
3430,1296
3930,1297
673,1298
2360,1299
2082,1300
1419,1301
2613,1302
3285,1303
3167,1304
1627,1305
85,1306
1010,1307
1173,1308
1590,1309
2891,1310
3475,1311
147,1312
830,1313
1091,1314
2344,1315
3444,1316
3146,1317
2676,1318
1660,1319
3405,1320
3266,1321
1082,1322
1920,1323
3422,1324
2802,1325
2709,1326
5,1327
605,1328
2447,1329
2924,1330
225,1331
213,1332
3598,1333
3653,1334
3747,1335
2025,1336
707,1337
2249,1338
2757,1339
1130,1340
3519,1341
2517,1342
2532,1343
327,1344
282,1345
2660,1346
207,1347
172,1348
1942,1349
574,1350
491,1351
3769,1352
2135,1353
2089,1354
784,1355
2088,1356
1603,1357
3861,1358
3078,1359
482,1360
2310,1361
1689,1362
450,1363
2072,1364
1176,1365
3480,1366
1187,1367
3896,1368
3182,1369
299,1370
991,1371
2102,1372
2322,1373
1727,1374
1562,1375
2730,1376
2551,1377
3707,1378
381,1379
3270,1380
1938,1381
426,1382
3925,1383
485,1384
2421,1385
1924,1386
3426,1387
2068,1388
1085,1389
3484,1390
2069,1391
3011,1392
2212,1393
948,1394
490,1395
1753,1396
1457,1397
2633,1398
2506,1399
2524,1400
1083,1401
382,1402
1699,1403
1785,1404
2351,1405
3688,1406
3258,1407
14,1408
2411,1409
3028,1410
1935,1411
3515,1412
2654,1413
3355,1414
2093,1415
2772,1416
2937,1417
1882,1418
2822,1419
2077,1420
43,1421
1713,1422
1438,1423
2505,1424
2713,1425
2920,1426
1422,1427
2932,1428
123,1429
2106,1430
2184,1431
848,1432
2372,1433
3327,1434
199,1435
3786,1436
1833,1437
2066,1438
1821,1439
366,1440
2596,1441
1794,1442
3470,1443
1401,1444
2624,1445
2967,1446
1069,1447
158,1448
44,1449
188,1450
3708,1451
3316,1452
2531,1453
3412,1454
1866,1455
1484,1456
2136,1457
2316,1458
203,1459
3594,1460
2033,1461
2940,1462
2879,1463
1192,1464
2370,1465
334,1466
371,1467
1554,1468
1858,1469
3529,1470
1464,1471
423,1472
3036,1473
1840,1474
2166,1475
3503,1476
2471,1477
2961,1478
173,1479
1305,1480
3926,1481
907,1482
3029,1483
2004,1484
1306,1485
2796,1486
3826,1487
2927,1488
1783,1489
2361,1490
1875,1491
237,1492
1827,1493
2846,1494
19,1495
1111,1496
1342,1497
3272,1498
1941,1499
1897,1500
2453,1501
81,1502
3506,1503
2682,1504
2719,1505
89,1506
2331,1507
996,1508
3784,1509
3077,1510
1541,1511
1236,1512
1362,1513
1970,1514
3550,1515
978,1516
273,1517
3915,1518
2793,1519
2436,1520
804,1521
3406,1522
2520,1523
3208,1524
1161,1525
3936,1526
2330,1527
523,1528
1046,1529
3604,1530
2261,1531
2443,1532
1190,1533
3330,1534
2606,1535
1353,1536
2996,1537
2970,1538
3554,1539
3096,1540
1425,1541
18,1542
3872,1543
3379,1544
2120,1545
1191,1546
2034,1547
2639,1548
456,1549
1488,1550
2320,1551
627,1552
1836,1553
2560,1554
2389,1555
289,1556
3015,1557
1940,1558
2387,1559
2877,1560
3357,1561
2263,1562
719,1563
1021,1564
2024,1565
346,1566
2905,1567
537,1568
1162,1569
3771,1570
2836,1571
3613,1572
700,1573
944,1574
218,1575
3094,1576
2367,1577
2669,1578
2048,1579
2014,1580
2488,1581
1465,1582
3865,1583
407,1584
2043,1585
2239,1586
2969,1587
190,1588
3571,1589
277,1590
941,1591
2181,1592
1007,1593
879,1594
897,1595
1014,1596
3841,1597
2899,1598
2280,1599
1788,1600
851,1601
3627,1602
204,1603
506,1604
3821,1605
1934,1606
1848,1607
2204,1608
3859,1609
2060,1610
2374,1611
927,1612
2347,1613
2173,1614
2178,1615
3142,1616
2570,1617
2988,1618
3038,1619
516,1620
420,1621
2983,1622
1184,1623
432,1624
1991,1625
3794,1626
2782,1627
2808,1628
2052,1629
3483,1630
2188,1631
1904,1632
3262,1633
160,1634
1535,1635
1487,1636
2091,1637
2725,1638
929,1639
2272,1640
1346,1641
1016,1642
302,1643
26,1644
425,1645
521,1646
1936,1647
2642,1648
2615,1649
3678,1650
3275,1651
2475,1652
388,1653
2609,1654
1758,1655
2337,1656
550,1657
229,1658
1064,1659
973,1660
2123,1661
3705,1662
42,1663
3388,1664
2495,1665
88,1666
1702,1667
2432,1668
3224,1669
82,1670
1806,1671
3076,1672
72,1673
328,1674
3599,1675
2121,1676
2377,1677
3206,1678
2554,1679
2986,1680
140,1681
3324,1682
1929,1683
3825,1684
3622,1685
338,1686
2182,1687
2252,1688
511,1689
2238,1690
46,1691
766,1692
2450,1693
1762,1694
1388,1695
206,1696
363,1697
171,1698
3720,1699
2504,1700
3457,1701
1126,1702
504,1703
2511,1704
2497,1705
3713,1706
2430,1707
2165,1708
157,1709
2721,1710
2696,1711
3547,1712
2607,1713
2325,1714
1545,1715
2860,1716
3628,1717
358,1718
695,1719
615,1720
455,1721
2328,1722
3075,1723
781,1724
2279,1725
982,1726
3726,1727
2107,1728
735,1729
326,1730
2038,1731
1018,1732
709,1733
2827,1734
3846,1735
2437,1736
613,1737
1128,1738
2163,1739
3445,1740
2029,1741
542,1742
2399,1743
3643,1744
239,1745
2953,1746
2122,1747
3679,1748
512,1749
2151,1750
1051,1751
3754,1752
3230,1753
2972,1754
1658,1755
3326,1756
501,1757
3918,1758
257,1759
2295,1760
2801,1761
917,1762
1665,1763
465,1764
2752,1765
2148,1766
1216,1767
256,1768
1983,1769
1498,1770
2815,1771
611,1772
2645,1773
2142,1774
464,1775
670,1776
205,1777
2829,1778
3243,1779
2075,1780
3086,1781
3660,1782
2540,1783
2266,1784
159,1785
2789,1786
522,1787
2314,1788
2907,1789
3822,1790
2771,1791
2925,1792
650,1793
3807,1794
2956,1795
1919,1796
1024,1797
1900,1798
1670,1799
242,1800
2594,1801
3746,1802
3456,1803
3115,1804
276,1805
2290,1806
3447,1807
2195,1808
3787,1809
1969,1810
3004,1811
3693,1812
3672,1813
2354,1814
836,1815
533,1816
759,1817
2558,1818
2995,1819
57,1820
483,1821
2276,1822
3046,1823
1654,1824
421,1825
449,1826
691,1827
2338,1828
13,1829
1054,1830
2950,1831
2053,1832
2017,1833
2404,1834
2561,1835
1366,1836
117,1837
1726,1838
1824,1839
1499,1840
2492,1841
155,1842
76,1843
1772,1844
3502,1845
2269,1846
893,1847
2057,1848
2429,1849
1390,1850
1461,1851
2519,1852
3051,1853
2621,1854
2574,1855
31,1856
186,1857
3487,1858
3310,1859
3658,1860
818,1861
3864,1862
801,1863
413,1864
3764,1865
798,1866
3394,1867
3055,1868
3120,1869
122,1870
2040,1871
3943,1872
1937,1873
3802,1874
3370,1875
2806,1876
935,1877
2259,1878
352,1879
187,1880
315,1881
1468,1882
662,1883
1483,1884
3214,1885
3792,1886
1759,1887
2661,1888
2546,1889
3725,1890
3773,1891
1330,1892
3500,1893
74,1894
1365,1895
3045,1896
1686,1897
2073,1898
668,1899
1202,1900
2285,1901
3150,1902
880,1903
2042,1904
1870,1905
2900,1906
1241,1907
1008,1908
2738,1909
3835,1910
30,1911
3417,1912
2774,1913
2418,1914
100,1915
177,1916
321,1917
3914,1918
2880,1919
2634,1920
2882,1921
1397,1922
461,1923
635,1924
451,1925
3217,1926
3920,1927
1752,1928
248,1929
378,1930
2787,1931
2365,1932
2668,1933
959,1934
3211,1935
3766,1936
2147,1937
3823,1938
3281,1939
1431,1940
267,1941
2844,1942
835,1943
3248,1944
3544,1945
3738,1946
547,1947
765,1948
2975,1949
3879,1950
1337,1951
1359,1952
2720,1953
2084,1954
3416,1955
4,1956
3118,1957
2425,1958
135,1959
1889,1960
459,1961
2275,1962
3368,1963
3619,1964
1804,1965
429,1966
1621,1967
2665,1968
3834,1969
3188,1970
1816,1971
458,1972
2714,1973
3387,1974
2435,1975
3225,1976
3289,1977
2491,1978
3737,1979
2874,1980
330,1981
2906,1982
1180,1983
891,1984
3646,1985
3069,1986
2412,1987
1999,1988
1684,1989
3177,1990
1399,1991
2434,1992
3241,1993
80,1994
2456,1995
195,1996
842,1997
2651,1998
1571,1999
2154,2000
558,2001
2629,2002
2210,2003
737,2004
3849,2005
340,2006
3199,2007
3655,2008
803,2009
2585,2010
116,2011
742,2012
3677,2013
1454,2014
2177,2015
762,2016
2708,2017
976,2018
3808,2019
63,2020
3238,2021
2928,2022
3813,2023
2041,2024
3117,2025
3680,2026
1232,2027
3008,2028
3950,2029
3795,2030
23,2031
1546,2032
3399,2033
3758,2034
279,2035
2499,2036
1925,2037
2697,2038
97,2039
1516,2040
3718,2041
2026,2042
2373,2043
3304,2044
2095,2045
309,2046
637,2047
2169,2048
156,2049
2618,2050
1865,2051
2848,2052
2379,2053
1475,2054
436,2055
3287,2056
2753,2057
1043,2058
3375,2059
1985,2060
2364,2061
3112,2062
2170,2063
258,2064
15,2065
1860,2066
1661,2067
390,2068
715,2069
3937,2070
408,2071
1629,2072
1593,2073
68,2074
2749,2075
602,2076
2271,2077
2408,2078
149,2079
1631,2080
355,2081
3183,2082
2315,2083
1003,2084
3427,2085
569,2086
269,2087
963,2088
2888,2089
886,2090
3063,2091
35,2092
2162,2093
3870,2094
479,2095
365,2096
3947,2097
1515,2098
761,2099
988,2100
3371,2101
438,2102
3372,2103
1382,2104
121,2105
12,2106
3734,2107
2037,2108
3284,2109
1975,2110
1977,2111
259,2112
3557,2113
575,2114
694,2115
3497,2116
1404,2117
3436,2118
3858,2119
1255,2120
1355,2121
1943,2122
680,2123
3127,2124
3425,2125
1482,2126
2610,2127
2769,2128
998,2129
2780,2130
427,2131
1332,2132
3133,2133
2885,2134
705,2135
3739,2136
270,2137
1056,2138
764,2139
546,2140
2649,2141
937,2142
1971,2143
3509,2144
3600,2145
2820,2146
3736,2147
2549,2148
2098,2149
1856,2150
3539,2151
3320,2152
3158,2153
2587,2154
3901,2155
1667,2156
3851,2157
1363,2158
2781,2159
580,2160
2062,2161
3810,2162
1453,2163
896,2164
846,2165
3340,2166
1973,2167
268,2168
2045,2169
568,2170
2451,2171
2356,2172
3951,2173
99,2174
2419,2175
2284,2176
2241,2177
1910,2178
2784,2179
3514,2180
2978,2181
2810,2182
332,2183
354,2184
1167,2185
3790,2186
1004,2187
3632,2188
2535,2189
3584,2190
118,2191
2681,2192
513,2193
2939,2194
3439,2195
1474,2196
2582,2197
1381,2198
3903,2199
2180,2200
2168,2201
518,2202
3837,2203
3339,2204
2296,2205
3616,2206
2448,2207
1612,2208
3325,2209
2500,2210
782,2211
1733,2212
2250,2213
3816,2214
3889,2215
1460,2216
2392,2217
1995,2218
2741,2219
1841,2220
227,2221
3002,2222
1922,2223
271,2224
369,2225
621,2226
565,2227
3222,2228
3338,2229
3855,2230
324,2231
1809,2232
3714,2233
1642,2234
2440,2235
2323,2236
1310,2237
9,2238
40,2239
1432,2240
1582,2241
2153,2242
3024,2243
2327,2244
1650,2245
1169,2246
3128,2247
2625,2248
2630,2249
1564,2250
3138,2251
2856,2252
536,2253
1600,2254
2620,2255
2507,2256
387,2257
2050,2258
2862,2259
875,2260
3588,2261
3311,2262
1442,2263
2647,2264
2385,2265
1592,2266
1011,2267
360,2268
3423,2269
3302,2270
214,2271
2493,2272
2626,2273
495,2274
1398,2275
263,2276
467,2277
3318,2278
1005,2279
1068,2280
2847,2281
234,2282
78,2283
544,2284
2593,2285
2237,2286
1006,2287
2573,2288
688,2289
2473,2290
193,2291
2744,2292
2652,2293
3806,2294
3132,2295
808,2296
3235,2297
2579,2298
77,2299
405,2300
453,2301
1646,2302
1410,2303
806,2304
152,2305
743,2306
665,2307
1447,2308
964,2309
415,2310
2417,2311
335,2312
746,2313
1507,2314
3593,2315
1563,2316
3124,2317
8,2318
3109,2319
1415,2320
2494,2321
548,2322
1812,2323
3559,2324
1844,2325
2938,2326
414,2327
3496,2328
3732,2329
2119,2330
1695,2331
3446,2332
1855,2333
2016,2334
1413,2335
725,2336
2027,2337
2481,2338
2306,2339
305,2340
2643,2341
956,2342
469,2343
3731,2344
2422,2345
61,2346
2092,2347
2104,2348
2842,2349
79,2350
824,2351
829,2352
341,2353
577,2354
3141,2355
3659,2356
1352,2357
1647,2358
1703,2359
3385,2360
3103,2361
639,2362
2035,2363
3329,2364
3192,2365
301,2366
20,2367
3857,2368
3013,2369
3840,2370
1123,2371
3299,2372
722,2373
1428,2374
2267,2375
422,2376
2898,2377
3143,2378
3010,2379
2051,2380
1445,2381
374,2382
347,2383
2902,2384
211,2385
3306,2386
3431,2387
2362,2388
445,2389
2525,2390
1331,2391
1976,2392
571,2393
718,2394
3605,2395
2341,2396
1707,2397
298,2398
1596,2399
3491,2400
1472,2401
312,2402
83,2403
669,2404
970,2405
2659,2406
3144,2407
2689,2408
1606,2409
1744,2410
1533,2411
1862,2412
3569,2413
2460,2414
1863,2415
55,2416
1669,2417
2766,2418
1640,2419
3612,2420
1986,2421
3719,2422
1932,2423
1859,2424
2893,2425
839,2426
1547,2427
2711,2428
182,2429
3054,2430
488,2431
2345,2432
3171,2433
3923,2434
1755,2435
2812,2436
603,2437
881,2438
2568,2439
2663,2440
65,2441
809,2442
3459,2443
2131,2444
3590,2445
2205,2446
1113,2447
2813,2448
452,2449
862,2450
828,2451
1556,2452
2049,2453
3596,2454
957,2455
1972,2456
1979,2457
3553,2458
2851,2459
2472,2460
609,2461
760,2462
1112,2463
1605,2464
2656,2465
2590,2466
3715,2467
3453,2468
1508,2469
486,2470
2458,2471
3696,2472
3286,2473
1601,2474
3414,2475
583,2476
1581,2477
1837,2478
3428,2479
1696,2480
2589,2481
1598,2482
1626,2483
1151,2484
850,2485
1992,2486
1503,2487
3367,2488
313,2489
3110,2490
1984,2491
697,2492
3620,2493
3440,2494
1624,2495
2086,2496
3567,2497
3415,2498
183,2499
3886,2500
27,2501
1076,2502
3586,2503
2751,2504
2843,2505
49,2506
294,2507
487,2508
1881,2509
1791,2510
2704,2511
2727,2512
496,2513
443,2514
3223,2515
2260,2516
3780,2517
1604,2518
2526,2519
882,2520
1928,2521
1529,2522
2498,2523
961,2524
1978,2525
1980,2526
3268,2527
3518,2528
320,2529
659,2530
1044,2531
1725,2532
3711,2533
1119,2534
409,2535
3743,2536
2305,2537
2103,2538
2255,2539
1511,2540
1067,2541
419,2542
1341,2543
174,2544
1412,2545
1893,2546
3626,2547
1623,2548
831,2549
2187,2550
3309,2551
2445,2552
2521,2553
166,2554
702,2555
540,2556
2283,2557
869,2558
2977,2559
391,2560
1746,2561
3190,2562
275,2563
3661,2564
2646,2565
3092,2566
2635,2567
1879,2568
3585,2569
3511,2570
2512,2571
3877,2572
3532,2573
1550,2574
2597,2575
473,2576
1523,2577
1317,2578
2380,2579
3221,2580
3854,2581
3017,2582
841,2583
1655,2584
424,2585
3662,2586
3709,2587
3637,2588
1152,2589
132,2590
1312,2591
2667,2592
3710,2593
1406,2594
304,2595
1681,2596
3218,2597
3909,2598
3602,2599
1887,2600
3885,2601
1756,2602
771,2603
3690,2604
3049,2605
1463,2606
692,2607
2904,2608
3073,2609
1509,2610
3064,2611
1477,2612
3579,2613
2482,2614
3908,2615
2666,2616
1572,2617
1926,2618
753,2619
685,2620
1896,2621
1526,2622
1585,2623
126,2624
3021,2625
3839,2626
1351,2627
997,2628
3577,2629
2128,2630
1473,2631
1902,2632
2446,2633
3765,2634
3392,2635
416,2636
3689,2637
2179,2638
3759,2639
103,2640
3670,2641
1440,2642
1456,2643
3913,2644
3537,2645
600,2646
389,2647
3845,2648
3349,2649
2514,2650
297,2651
113,2652
2189,2653
2152,2654
1760,2655
2190,2656
3946,2657
3895,2658
2149,2659
2876,2660
649,2661
3824,2662
3473,2663
779,2664
3391,2665
3454,2666
2483,2667
1874,2668
1854,2669
1880,2670
2175,2671
191,2672
519,2673
3014,2674
444,2675
1417,2676
2896,2677
2381,2678
217,2679
210,2680
2227,2681
3137,2682
3776,2683
640,2684
2767,2685
3880,2686
3240,2687
3568,2688
498,2689
3597,2690
2653,2691
1087,2692
3122,2693
633,2694
3756,2695
3130,2696
2786,2697
3432,2698
2265,2699
2426,2700
184,2701
254,2702
885,2703
2036,2704
631,2705
71,2706
3934,2707
1063,2708
384,2709
3433,2710
3625,2711
325,2712
3921,2713
573,2714
2963,2715
2264,2716
241,2717
502,2718
681,2719
606,2720
1053,2721
3276,2722
1771,2723
2548,2724
974,2725
2074,2726
2785,2727
2031,2728
2586,2729
3900,2730
505,2731
2211,2732
3395,2733
2790,2734
2748,2735
2837,2736
1389,2737
3106,2738
2864,2739
2397,2740
2756,2741
2185,2742
877,2743
3165,2744
612,2745
3833,2746
1570,2747
1906,2748
1829,2749
3645,2750
528,2751
489,2752
3804,2753
2032,2754
2638,2755
2800,2756
1981,2757
1450,2758
960,2759
1551,2760
2828,2761
645,2762
3540,2763
1933,2764
2824,2765
1811,2766
632,2767
240,2768
570,2769
128,2770
2897,2771
1423,2772
1329,2773
3894,2774
463,2775
1750,2776
1677,2777
96,2778
1798,2779
3048,2780
1421,2781
2056,2782
2382,2783
731,2784
1996,2785
472,2786
1609,2787
3434,2788
3862,2789
1657,2790
1117,2791
178,2792
2733,2793
1493,2794
2798,2795
3402,2796
2981,2797
1987,2798
2113,2799
840,2800
3775,2801
3580,2802
3847,2803
2400,2804
38,2805
1144,2806
238,2807
1814,2808
3782,2809
2834,2810
1770,2811
