2066,0
1016,1
870,2
4457,3
45,4
4707,5
937,6
5152,7
3372,8
4421,9
1067,10
977,11
4642,12
1726,13
5742,14
946,15
2685,16
5353,17
1897,18
689,19
6035,20
5200,21
3286,22
3660,23
594,24
3425,25
1850,26
466,27
458,28
1781,29
2385,30
2058,31
382,32
4857,33
4422,34
2147,35
2708,36
1454,37
4100,38
1949,39
1460,40
3171,41
575,42
4213,43
2274,44
5049,45
1297,46
619,47
2002,48
1424,49
2026,50
1571,51
432,52
5212,53
2283,54
2795,55
2040,56
1013,57
3172,58
3875,59
3835,60
4070,61
667,62
4240,63
3275,64
4458,65
573,66
4993,67
1355,68
3441,69
868,70
1099,71
3375,72
906,73
330,74
5774,75
4632,76
4974,77
2139,78
3002,79
3720,80
5007,81
2801,82
496,83
1731,84
5102,85
3090,86
241,87
4623,88
4770,89
3887,90
5594,91
1960,92
5598,93
5845,94
352,95
4371,96
1316,97
4474,98
1052,99
2169,100
3443,101
3500,102
4338,103
1668,104
4886,105
1106,106
2319,107
5125,108
145,109
5215,110
580,111
5204,112
955,113
285,114
990,115
3142,116
1523,117
5956,118
2799,119
5579,120
769,121
9,122
5405,123
1508,124
4529,125
4667,126
2337,127
4336,128
1744,129
680,130
2244,131
2384,132
3796,133
5666,134
2961,135
1642,136
4806,137
545,138
411,139
3766,140
1556,141
685,142
4554,143
4786,144
1089,145
64,146
873,147
381,148
3417,149
3364,150
3602,151
4298,152
5081,153
4042,154
5607,155
1778,156
3061,157
4709,158
3496,159
4004,160
827,161
4975,162
3948,163
5871,164
1629,165
4310,166
3700,167
110,168
5480,169
4203,170
4050,171
404,172
4765,173
2332,174
1806,175
686,176
4890,177
2276,178
1930,179
782,180
1645,181
4408,182
2641,183
5858,184
469,185
4513,186
4797,187
1727,188
975,189
1641,190
694,191
4624,192
3161,193
2175,194
3676,195
3761,196
1704,197
2409,198
5964,199
125,200
370,201
3591,202
5428,203
601,204
4665,205
2860,206
4853,207
5144,208
3641,209
1828,210
5795,211
4485,212
3304,213
1043,214
3767,215
1517,216
5842,217
4307,218
2850,219
5042,220
1734,221
2411,222
3997,223
293,224
482,225
3490,226
1187,227
2223,228
3526,229
4068,230
1947,231
4113,232
1130,233
3710,234
4211,235
4946,236
4578,237
3688,238
1045,239
525,240
4441,241
2195,242
5738,243
3800,244
4320,245
1595,246
3271,247
1353,248
5624,249
3936,250
4758,251
4844,252
2807,253
6008,254
824,255
1030,256
539,257
4150,258
6000,259
1664,260
4727,261
1945,262
1872,263
5980,264
4720,265
3924,266
3658,267
1566,268
4803,269
5173,270
5801,271
2249,272
1063,273
5856,274
1446,275
3950,276
3451,277
5530,278
442,279
3861,280
1384,281
5075,282
2037,283
211,284
3927,285
1555,286
3215,287
3729,288
1366,289
1750,290
3804,291
2741,292
4046,293
5515,294
4715,295
3120,296
3444,297
809,298
3123,299
2365,300
978,301
1497,302
1005,303
1469,304
4976,305
4865,306
96,307
4741,308
4622,309
6019,310
1681,311
5973,312
1171,313
551,314
1953,315
3301,316
611,317
4812,318
4237,319
306,320
5642,321
836,322
5817,323
33,324
5934,325
1805,326
781,327
4439,328
4601,329
5789,330
26,331
4219,332
5836,333
5298,334
3684,335
5051,336
4323,337
2991,338
3516,339
5164,340
2915,341
2435,342
4714,343
3122,344
4798,345
2995,346
131,347
1680,348
4230,349
3079,350
4145,351
3671,352
4860,353
5791,354
2590,355
114,356
1957,357
1283,358
3623,359
3507,360
4228,361
2900,362
2196,363
4454,364
3041,365
2344,366
2555,367
1168,368
418,369
150,370
3862,371
5314,372
5194,373
3647,374
2155,375
4112,376
3677,377
5942,378
4954,379
2739,380
1684,381
5278,382
2942,383
4593,384
716,385
516,386
1441,387
5638,388
3415,389
4544,390
3060,391
3605,392
1358,393
504,394
3028,395
248,396
5528,397
3190,398
4013,399
1234,400
2551,401
1437,402
3787,403
1887,404
3154,405
4792,406
1894,407
1768,408
3922,409
2952,410
4670,411
5378,412
4999,413
170,414
4712,415
3735,416
2956,417
273,418
1976,419
885,420
631,421
3841,422
245,423
1950,424
232,425
5450,426
166,427
3476,428
3733,429
1322,430
3228,431
4272,432
77,433
1387,434
429,435
700,436
4241,437
1276,438
2779,439
794,440
5798,441
5787,442
5500,443
1105,444
331,445
3857,446
1618,447
3790,448
1794,449
4015,450
1287,451
2715,452
4048,453
300,454
5373,455
3565,456
4400,457
4066,458
2176,459
5835,460
2966,461
5796,462
3224,463
2640,464
3341,465
5063,466
1553,467
2829,468
5660,469
372,470
3682,471
105,472
1220,473
350,474
5289,475
66,476
1554,477
3575,478
2302,479
741,480
2188,481
3244,482
1922,483
4235,484
3730,485
4858,486
3805,487
811,488
1350,489
614,490
4635,491
2287,492
5309,493
4767,494
5892,495
3724,496
1296,497
2823,498
4093,499
1398,500
100,501
5012,502
3403,503
4645,504
4841,505
4097,506
5305,507
3333,508
3901,509
1829,510
2695,511
3489,512
4590,513
4368,514
5970,515
5829,516
207,517
1092,518
5506,519
783,520
2606,521
3711,522
5684,523
228,524
4225,525
3314,526
5908,527
5652,528
2540,529
4025,530
5539,531
3560,532
884,533
2618,534
1584,535
4290,536
543,537
2599,538
3917,539
4196,540
5810,541
3666,542
4752,543
5902,544
5149,545
2516,546
1166,547
340,548
555,549
3533,550
5060,551
5420,552
2329,553
1792,554
1546,555
2492,556
536,557
4906,558
1232,559
5000,560
3026,561
513,562
2369,563
1833,564
2933,565
1716,566
5396,567
547,568
671,569
274,570
4040,571
5851,572
3297,573
1745,574
1981,575
4175,576
226,577
2985,578
3737,579
5962,580
5185,581
2714,582
4536,583
5886,584
2068,585
3106,586
4746,587
2623,588
3009,589
2564,590
2197,591
4863,592
4754,593
175,594
4695,595
1892,596
2416,597
2260,598
2444,599
587,600
2851,601
2993,602
1867,603
5996,604
4283,605
1774,606
3330,607
2407,608
582,609
233,610
2020,611
4065,612
4721,613
5090,614
4049,615
5116,616
3328,617
913,618
5389,619
1610,620
2591,621
1587,622
5296,623
5076,624
3563,625
3622,626
1504,627
4871,628
4718,629
2875,630
2617,631
5025,632
1678,633
186,634
5433,635
117,636
4968,637
4663,638
747,639
1376,640
1663,641
1874,642
2104,643
2377,644
413,645
2410,646
3266,647
2064,648
5864,649
4644,650
807,651
4799,652
4314,653
210,654
17,655
2270,656
557,657
5407,658
3221,659
1352,660
3014,661
2083,662
735,663
395,664
80,665
468,666
655,667
4208,668
5316,669
305,670
4332,671
315,672
2681,673
2567,674
5039,675
354,676
2859,677
907,678
1647,679
4090,680
2024,681
5024,682
282,683
1644,684
5148,685
5221,686
3824,687
4991,688
5254,689
2016,690
2483,691
3371,692
5627,693
1230,694
3523,695
1902,696
737,697
1784,698
2204,699
3644,700
6003,701
2960,702
4005,703
262,704
1428,705
2786,706
597,707
3150,708
5812,709
2117,710
5504,711
1578,712
2539,713
2550,714
5062,715
5364,716
318,717
3429,718
1124,719
3241,720
4949,721
2461,722
1128,723
550,724
1878,725
1058,726
1480,727
5451,728
5734,729
5919,730
4438,731
2089,732
187,733
3914,734
1447,735
3722,736
4499,737
5978,738
182,739
2575,740
602,741
1252,742
2574,743
362,744
3103,745
5712,746
4311,747
416,748
6,749
5636,750
4572,751
4098,752
3068,753
1449,754
3738,755
3811,756
4768,757
5272,758
4672,759
5888,760
2571,761
2877,762
514,763
5261,764
797,765
4138,766
2468,767
2423,768
5220,769
5363,770
420,771
5179,772
822,773
3359,774
3422,775
4981,776
4053,777
3180,778
5259,779
2022,780
5163,781
4701,782
4359,783
4818,784
4558,785
1783,786
2071,787
5112,788
5487,789
5663,790
3980,791
3145,792
4785,793
1135,794
2734,795
5913,796
4286,797
2586,798
4076,799
3386,800
5744,801
1462,802
5895,803
5242,804
2549,805
3814,806
406,807
5804,808
6040,809
5003,810
4820,811
3740,812
3541,813
3086,814
2415,815
1655,816
2886,817
2884,818
312,819
4575,820
2862,821
3721,822
4852,823
4099,824
4330,825
3350,826
2402,827
3568,828
5466,829
3097,830
3966,831
3590,832
4164,833
1891,834
376,835
5229,836
546,837
1769,838
2848,839
2194,840
3226,841
3445,842
1194,843
4847,844
203,845
5180,846
3705,847
3460,848
5537,849
5757,850
2778,851
2530,852
5009,853
4051,854
1852,855
2874,856
1937,857
1971,858
5659,859
5176,860
5542,861
5592,862
1637,863
5344,864
5912,865
1816,866
4951,867
2962,868
4922,869
2648,870
281,871
2252,872
4247,873
4511,874
1369,875
1312,876
2010,877
507,878
5023,879
1560,880
4248,881
3975,882
1687,883
4574,884
845,885
343,886
4861,887
4539,888
1526,889
1339,890
2278,891
5421,892
2157,893
3741,894
1457,895
5603,896
2880,897
902,898
1050,899
4059,900
2429,901
2638,902
625,903
212,904
1025,905
2901,906
161,907
2533,908
2348,909
4540,910
4214,911
830,912
5491,913
618,914
2455,915
2951,916
400,917
4253,918
4912,919
138,920
5157,921
1810,922
5457,923
1241,924
1611,925
3340,926
1707,927
5434,928
4278,929
169,930
2652,931
4067,932
2657,933
5106,934
4144,935
4508,936
3208,937
511,938
2359,939
477,940
3138,941
62,942
464,943
5161,944
5863,945
4696,946
1476,947
4147,948
1293,949
1845,950
4699,951
725,952
1741,953
412,954
2699,955
5957,956
1751,957
930,958
4363,959
5894,960
3225,961
3810,962
5606,963
4872,964
853,965
2148,966
181,967
73,968
4288,969
1430,970
773,971
1185,972
653,973
3468,974
1870,975
4748,976
1765,977
1954,978
1436,979
726,980
1156,981
3669,982
1848,983
5503,984
5045,985
153,986
237,987
4188,988
8,989
540,990
5969,991
4360,992
3323,993
1993,994
4964,995
3,996
2881,997
3367,998
424,999
5250,1000
3309,1001
1465,1002
931,1003
586,1004
1617,1005
2984,1006
4657,1007
4339,1008
5697,1009
3699,1010
2424,1011
3788,1012
2326,1013
5890,1014
5186,1015
4656,1016
1883,1017
5824,1018
5432,1019
1392,1020
3065,1021
1851,1022
3151,1023
2910,1024
3832,1025
4064,1026
805,1027
4242,1028
4401,1029
4011,1030
4447,1031
4859,1032
3165,1033
2963,1034
280,1035
5761,1036
4908,1037
4119,1038
4233,1039
5205,1040
3482,1041
2202,1042
2781,1043
2044,1044
2248,1045
859,1046
4537,1047
375,1048
4317,1049
998,1050
2299,1051
2844,1052
5823,1053
2849,1054
778,1055
2630,1056
1188,1057
3355,1058
530,1059
4014,1060
837,1061
1082,1062
2309,1063
2602,1064
460,1065
3874,1066
288,1067
2592,1068
2366,1069
5284,1070
2286,1071
3958,1072
2840,1073
2898,1074
6038,1075
2570,1076
2405,1077
444,1078
702,1079
2746,1080
1572,1081
3556,1082
4385,1083
2486,1084
451,1085
1444,1086
3024,1087
1065,1088
1967,1089
5968,1090
1842,1091
684,1092
3005,1093
409,1094
635,1095
5709,1096
3384,1097
4919,1098
4460,1099
68,1100
3263,1101
1272,1102
4965,1103
4609,1104
1216,1105
1695,1106
4047,1107
5699,1108
1026,1109
3963,1110
1577,1111
4960,1112
1379,1113
5166,1114
3524,1115
1161,1116
2119,1117
4870,1118
776,1119
2161,1120
1409,1121
1396,1122
4386,1123
1946,1124
3092,1125
3303,1126
1788,1127
1247,1128
2929,1129
4640,1130
4141,1131
4212,1132
5768,1133
674,1134
833,1135
3474,1136
5290,1137
3780,1138
1077,1139
3659,1140
3674,1141
1313,1142
5676,1143
3112,1144
4533,1145
3497,1146
4430,1147
4596,1148
4198,1149
3635,1150
2108,1151
485,1152
856,1153
1622,1154
839,1155
4157,1156
3899,1157
4273,1158
579,1159
5059,1160
1703,1161
5044,1162
2205,1163
3601,1164
760,1165
2419,1166
2017,1167
1739,1168
3345,1169
4452,1170
5899,1171
4012,1172
5410,1173
616,1174
1213,1175
304,1176
2460,1177
3751,1178
5601,1179
4988,1180
1064,1181
3776,1182
2382,1183
3366,1184
729,1185
1418,1186
1487,1187
59,1188
4021,1189
3240,1190
666,1191
4825,1192
2999,1193
554,1194
1785,1195
1152,1196
5404,1197
3248,1198
2063,1199
952,1200
1690,1201
678,1202
98,1203
2168,1204
1419,1205
4924,1206
2609,1207
1711,1208
3692,1209
1888,1210
3518,1211
4291,1212
4614,1213
4700,1214
790,1215
4411,1216
1040,1217
634,1218
328,1219
5053,1220
802,1221
5910,1222
5209,1223
2293,1224
5336,1225
2958,1226
2855,1227
1840,1228
4549,1229
2751,1230
2280,1231
1913,1232
5368,1233
251,1234
3205,1235
1049,1236
3320,1237
1208,1238
4343,1239
2572,1240
1205,1241
5436,1242
4476,1243
5303,1244
3027,1245
3376,1246
750,1247
1477,1248
5981,1249
5300,1250
1459,1251
3054,1252
2989,1253
5664,1254
5720,1255
3656,1256
417,1257
94,1258
1679,1259
1308,1260
1294,1261
3719,1262
6007,1263
2298,1264
4135,1265
4337,1266
2403,1267
1932,1268
2770,1269
4743,1270
3640,1271
52,1272
2462,1273
1766,1274
5730,1275
4782,1276
1160,1277
2506,1278
2658,1279
3484,1280
3290,1281
5358,1282
1464,1283
4032,1284
3754,1285
2677,1286
5475,1287
5563,1288
5754,1289
1371,1290
2892,1291
2273,1292
4917,1293
2978,1294
3164,1295
4002,1296
3466,1297
3100,1298
5615,1299
4777,1300
2362,1301
2078,1302
2767,1303
2732,1304
2710,1305
1738,1306
1923,1307
5700,1308
5834,1309
356,1310
1844,1311
5588,1312
4431,1313
5648,1314
90,1315
4729,1316
5620,1317
2003,1318
71,1319
4647,1320
1374,1321
2833,1322
3186,1323
3798,1324
3382,1325
1037,1326
1182,1327
675,1328
2141,1329
3183,1330
4229,1331
4925,1332
732,1333
83,1334
1811,1335
4308,1336
3098,1337
3627,1338
2622,1339
5526,1340
5287,1341
1059,1342
4933,1343
1605,1344
5521,1345
4676,1346
1178,1347
3394,1348
267,1349
3916,1350
5124,1351
2012,1352
4659,1353
1790,1354
3652,1355
3064,1356
3163,1357
3419,1358
4296,1359
712,1360
528,1361
4468,1362
2303,1363
966,1364
502,1365
2145,1366
636,1367
2969,1368
5954,1369
2980,1370
5711,1371
1730,1372
2598,1373
934,1374
3457,1375
4403,1376
4470,1377
4744,1378
4911,1379
5681,1380
3891,1381
1562,1382
1941,1383
4082,1384
2222,1385
1630,1386
4312,1387
1071,1388
2775,1389
1839,1390
5153,1391
3886,1392
5753,1393
2981,1394
1146,1395
4780,1396
4079,1397
3772,1398
5655,1399
1500,1400
899,1401
1266,1402
4126,1403
2507,1404
5437,1405
2379,1406
75,1407
4443,1408
1665,1409
4134,1410
5395,1411
4697,1412
3508,1413
5612,1414
2972,1415
1154,1416
950,1417
4467,1418
5844,1419
5080,1420
979,1421
5505,1422
2494,1423
2990,1424
5263,1425
1890,1426
3536,1427
3465,1428
2098,1429
1565,1430
2612,1431
4904,1432
1093,1433
2341,1434
355,1435
5232,1436
571,1437
690,1438
5839,1439
2932,1440
6029,1441
3683,1442
2765,1443
3743,1444
3306,1445
1491,1446
1009,1447
5776,1448
494,1449
1547,1450
3277,1451
3925,1452
1798,1453
2557,1454
5211,1455
3094,1456
5689,1457
4251,1458
1753,1459
3176,1460
5947,1461
2330,1462
3630,1463
3519,1464
3513,1465
2689,1466
1589,1467
2227,1468
481,1469
3675,1470
5301,1471
962,1472
4773,1473
4534,1474
5073,1475
5074,1476
3716,1477
5683,1478
3599,1479
4279,1480
1357,1481
3954,1482
1473,1483
5923,1484
5907,1485
5056,1486
3342,1487
2866,1488
814,1489
4001,1490
4176,1491
5529,1492
3689,1493
4565,1494
532,1495
942,1496
5237,1497
2267,1498
570,1499
3651,1500
2975,1501
3499,1502
1588,1503
5613,1504
4873,1505
3195,1506
2996,1507
4433,1508
5564,1509
2250,1510
1014,1511
3397,1512
3956,1513
921,1514
236,1515
2393,1516
2814,1517
1484,1518
136,1519
1116,1520
452,1521
1343,1522
2831,1523
5883,1524
4932,1525
3050,1526
3753,1527
4526,1528
3991,1529
3820,1530
552,1531
5065,1532
3587,1533
3108,1534
197,1535
3380,1536
2131,1537
3196,1538
2941,1539
3003,1540
3392,1541
4481,1542
287,1543
3987,1544
5029,1545
1148,1546
190,1547
5198,1548
627,1549
956,1550
2347,1551
3867,1552
5583,1553
437,1554
692,1555
5903,1556
152,1557
23,1558
4725,1559
109,1560
4683,1561
2258,1562
663,1563
1886,1564
4026,1565
2854,1566
118,1567
311,1568
5541,1569
3665,1570
3884,1571
2171,1572
124,1573
324,1574
4269,1575
723,1576
1512,1577
1550,1578
2535,1579
1001,1580
1841,1581
1771,1582
4412,1583
5786,1584
1395,1585
3728,1586
3462,1587
3566,1588
4264,1589
3067,1590
1472,1591
5920,1592
2144,1593
4973,1594
218,1595
5523,1596
5928,1597
3633,1598
3470,1599
1320,1600
454,1601
2931,1602
784,1603
4625,1604
1136,1605
5267,1606
2235,1607
4553,1608
1733,1609
3219,1610
5442,1611
5759,1612
4274,1613
888,1614
1538,1615
5633,1616
2921,1617
4749,1618
1533,1619
1017,1620
5497,1621
4771,1622
2039,1623
1620,1624
5559,1625
1417,1626
2241,1627
4384,1628
1438,1629
817,1630
3249,1631
4245,1632
5788,1633
3851,1634
1857,1635
4952,1636
3437,1637
3258,1638
4128,1639
2467,1640
2190,1641
2724,1642
1015,1643
5911,1644
708,1645
2992,1646
5414,1647
386,1648
3747,1649
2307,1650
843,1651
3315,1652
3736,1653
2282,1654
1423,1655
4934,1656
5097,1657
4832,1658
461,1659
270,1660
4551,1661
5454,1662
1802,1663
5931,1664
5011,1665
122,1666
1323,1667
3978,1668
2891,1669
4998,1670
2457,1671
53,1672
97,1673
2566,1674
4728,1675
5131,1676
3918,1677
961,1678
2645,1679
269,1680
4249,1681
436,1682
5251,1683
5654,1684
5362,1685
4851,1686
5735,1687
2515,1688
549,1689
5268,1690
3126,1691
2356,1692
3213,1693
47,1694
5825,1695
5943,1696
2414,1697
847,1698
2265,1699
981,1700
2653,1701
37,1702
5441,1703
4944,1704
2937,1705
3749,1706
4357,1707
2113,1708
2719,1709
1263,1710
2311,1711
2907,1712
4083,1713
606,1714
4165,1715
447,1716
4739,1717
600,1718
4096,1719
5105,1720
283,1721
3758,1722
1903,1723
2947,1724
538,1725
5150,1726
146,1727
3994,1728
2118,1729
2200,1730
5088,1731
4566,1732
5482,1733
5953,1734
253,1735
1020,1736
875,1737
5650,1738
2203,1739
3597,1740
4541,1741
4750,1742
2558,1743
2295,1744
2701,1745
2394,1746
4018,1747
1060,1748
2074,1749
3011,1750
289,1751
2668,1752
5444,1753
3983,1754
1970,1755
1236,1756
1204,1757
983,1758
715,1759
4570,1760
529,1761
1604,1762
3446,1763
4369,1764
1076,1765
4479,1766
2023,1767
3222,1768
3069,1769
3947,1770
3193,1771
4388,1772
5379,1773
3023,1774
763,1775
1078,1776
1879,1777
54,1778
3531,1779
3308,1780
5448,1781
1590,1782
3551,1783
5994,1784
5350,1785
3346,1786
5807,1787
5139,1788
5876,1789
5625,1790
4763,1791
3673,1792
5099,1793
2544,1794
4390,1795
1051,1796
1759,1797
2038,1798
5366,1799
3873,1800
3903,1801
4057,1802
3769,1803
2475,1804
4185,1805
5276,1806
3203,1807
4136,1808
2796,1809
4008,1810
1327,1811
4983,1812
1074,1813
6025,1814
4753,1815
1847,1816
1184,1817
5322,1818
2387,1819
5694,1820
3984,1821
4181,1822
4221,1823
2987,1824
767,1825
1023,1826
1197,1827
443,1828
1433,1829
2867,1830
5004,1831
1101,1832
16,1833
3999,1834
5455,1835
2123,1836
3953,1837
1764,1838
1165,1839
19,1840
405,1841
1377,1842
2093,1843
3581,1844
623,1845
6022,1846
4503,1847
1775,1848
4595,1849
5311,1850
1388,1851
5584,1852
3681,1853
2318,1854
1239,1855
714,1856
652,1857
4163,1858
1400,1859
5979,1860
792,1861
263,1862
3440,1863
5784,1864
661,1865
4869,1866
4928,1867
178,1868
143,1869
2766,1870
865,1871
5662,1872
319,1873
2059,1874
4733,1875
1159,1876
1056,1877
879,1878
3486,1879
1478,1880
5019,1881
1819,1882
5764,1883
4808,1884
2667,1885
4465,1886
4306,1887
2436,1888
4829,1889
3020,1890
403,1891
960,1892
4434,1893
2412,1894
2186,1895
1164,1896
2616,1897
2448,1898
3113,1899
3270,1900
5566,1901
4381,1902
1466,1903
2870,1904
687,1905
3281,1906
3910,1907
1702,1908
1564,1909
113,1910
4591,1911
5135,1912
4125,1913
914,1914
3337,1915
3588,1916
4210,1917
1291,1918
3285,1919
895,1920
1028,1921
4456,1922
4608,1923
3558,1924
1568,1925
4523,1926
4448,1927
4787,1928
3498,1929
4183,1930
4781,1931
2219,1932
1443,1933
2957,1934
255,1935
2301,1936
4914,1937
5119,1938
1943,1939
1024,1940
613,1941
4514,1942
2873,1943
5095,1944
2262,1945
4289,1946
275,1947
1192,1948
1779,1949
6024,1950
3467,1951
3664,1952
3395,1953
2389,1954
4292,1955
5808,1956
1032,1957
5151,1958
266,1959
4345,1960
771,1961
5997,1962
5338,1963
4425,1964
5531,1965
371,1966
1134,1967
1694,1968
1714,1969
5017,1970
1985,1971
2331,1972
1522,1973
4501,1974
2644,1975
1712,1976
1281,1977
51,1978
4410,1979
4610,1980
3646,1981
6028,1982
3313,1983
3718,1984
4276,1985
4455,1986
2998,1987
2897,1988
4599,1989
3348,1990
1233,1991
2753,1992
1207,1993
2776,1994
5619,1995
401,1996
5898,1997
2180,1998
1471,1999
1933,2000
2808,2001
5054,2002
3701,2003
1142,2004
4546,2005
2613,2006
2674,2007
5092,2008
1799,2009
2001,2010
858,2011
5418,2012
3135,2013
2588,2014
2257,2015
4111,2016
2493,2017
1311,2018
2009,2019
3492,2020
1723,2021
5922,2022
5342,2023
2434,2024
5235,2025
3619,2026
3789,2027
880,2028
1368,2029
4616,2030
4734,2031
3593,2032
2835,2033
713,2034
2559,2035
4340,2036
2228,2037
3809,2038
840,2039
5948,2040
1881,2041
5052,2042
1097,2043
4418,2044
3986,2045
5781,2046
1344,2047
2512,2048
863,2049
3428,2050
5723,2051
2346,2052
3951,2053
385,2054
642,2055
5965,2056
5722,2057
3188,2058
2239,2059
1033,2060
1541,2061
4137,2062
2082,2063
4856,2064
5471,2065
3505,2066
4010,2067
2709,2068
4817,2069
5819,2070
99,2071
5535,2072
1173,2073
583,2074
3993,2075
701,2076
2220,2077
295,2078
4502,2079
3944,2080
171,2081
5170,2082
2463,2083
4945,2084
2345,2085
5821,2086
1643,2087
999,2088
3115,2089
5918,2090
1978,2091
3564,2092
1302,2093
3483,2094
3391,2095
1394,2096
4189,2097
1264,2098
677,2099
2015,2100
5469,2101
2502,2102
1758,2103
5680,2104
4397,2105
5585,2106
5256,2107
2948,2108
5034,2109
959,2110
5682,2111
5687,2112
1228,2113
299,2114
3976,2115
2858,2116
1855,2117
5783,2118
5780,2119
5785,2120
2531,2121
366,2122
1994,2123
3426,2124
2806,2125
3731,2126
5728,2127
3528,2128
5949,2129
2635,2130
3032,2131
3775,2132
5167,2133
278,2134
4234,2135
2693,2136
3823,2137
5286,2138
2628,2139
4158,2140
69,2141
1625,2142
1007,2143
746,2144
691,2145
135,2146
3053,2147
3033,2148
647,2149
5600,2150
2490,2151
3981,2152
129,2153
4982,2154
1018,2155
5208,2156
3538,2157
254,2158
1635,2159
932,2160
4652,2161
5756,2162
4560,2163
717,2164
2320,2165
5494,2166
1574,2167
759,2168
2959,2169
5408,2170
5578,2171
2428,2172
5247,2173
2376,2174
2323,2175
4223,2176
3282,2177
2310,2178
3261,2179
4346,2180
1085,2181
4103,2182
5339,2183
566,2184
5393,2185
5556,2186
5873,2187
5599,2188
3919,2189
908,2190
4260,2191
6026,2192
2944,2193
905,2194
3812,2195
3834,2196
3073,2197
3331,2198
5849,2199
2748,2200
4380,2201
5243,2202
2614,2203
1795,2204
5516,2205
2106,2206
5255,2207
1451,2208
5070,2209
3777,2210
4794,2211
5333,2212
5279,2213
4585,2214
5324,2215
1825,2216
4959,2217
2269,2218
4500,2219
5941,2220
5126,2221
3856,2222
4519,2223
31,2224
5718,2225
5678,2226
1463,2227
4054,2228
5400,2229
2906,2230
4936,2231
4201,2232
4957,2233
4769,2234
1112,2235
823,2236
5453,2237
2032,2238
6013,2239
2784,2240
5870,2241
1935,2242
327,2243
2603,2244
4246,2245
3603,2246
2430,2247
3833,2248
4341,2249
301,2250
2426,2251
4692,2252
2091,2253
5751,2254
4901,2255
422,2256
2518,2257
4085,2258
2378,2259
2055,2260
4353,2261
6004,2262
2266,2263
3979,2264
2523,2265
3913,2266
3955,2267
5715,2268
2911,2269
1528,2270
5605,2271
3695,2272
2505,2273
3571,2274
704,2275
5154,2276
6009,2277
3268,2278
414,2279
6021,2280
4217,2281
6032,2282
2035,2283
5771,2284
3717,2285
2659,2286
5169,2287
4127,2288
4576,2289
5869,2290
3935,2291
3202,2292
3530,2293
2392,2294
4169,2295
2986,2296
561,2297
2107,2298
2,2299
222,2300
3463,2301
5481,2302
320,2303
5935,2304
445,2305
5050,2306
3757,2307
2284,2308
1596,2309
3351,2310
1109,2311
5777,2312
2288,2313
4788,2314
3412,2315
5518,2316
1275,2317
5632,2318
657,2319
2281,2320
1710,2321
5030,2322
3040,2323
3940,2324
2762,2325
4651,2326
1372,2327
4027,2328
660,2329
1482,2330
3895,2331
2737,2332
1489,2333
5132,2334
3943,2335
1258,2336
5508,2337
4985,2338
4880,2339
1551,2340
1709,2341
1876,2342
4827,2343
3191,2344
5365,2345
2433,2346
3057,2347
5984,2348
49,2349
2552,2350
5345,2351
3807,2352
5140,2353
4107,2354
1520,2355
1906,2356
1782,2357
4152,2358
5178,2359
3794,2360
3580,2361
1915,2362
4375,2363
3773,2364
1356,2365
3439,2366
2605,2367
3321,2368
4956,2369
2852,2370
1984,2371
2371,2372
1461,2373
2198,2374
5461,2375
2703,2376
5936,2377
4778,2378
179,2379
3243,2380
757,2381
1402,2382
2830,2383
5534,2384
2206,2385
1385,2386
705,2387
408,2388
3819,2389
2923,2390
3259,2391
4756,2392
3866,2393
297,2394
5327,2395
2615,2396
2619,2397
2491,2398
5553,2399
2582,2400
1217,2401
2577,2402
5901,2403
3894,2404
3114,2405
3265,2406
1535,2407
810,2408
2595,2409
4297,2410
923,2411
1658,2412
132,2413
980,2414
4045,2415
5688,2416
1346,2417
3703,2418
2297,2419
5946,2420
3859,2421
4262,2422
2967,2423
2368,2424
4891,2425
189,2426
2027,2427
5714,2428
1141,2429
2471,2430
235,2431
866,2432
3583,2433
3938,2434
1692,2435
2296,2436
394,2437
4302,2438
5860,2439
137,2440
326,2441
2639,2442
5203,2443
438,2444
2159,2445
5138,2446
1195,2447
5733,2448
5773,2449
57,2450
1817,2451
1309,2452
2338,2453
2151,2454
43,2455
3815,2456
387,2457
5143,2458
4552,2459
1145,2460
3853,2461
1688,2462
589,2463
2521,2464
3413,2465
5513,2466
4058,2467
5133,2468
3273,2469
2189,2470
4888,2471
632,2472
5277,2473
2275,2474
5391,2475
3369,2476
3251,2477
4907,2478
860,2479
2489,2480
2488,2481
108,2482
1041,2483
5686,2484
4875,2485
1804,2486
5158,2487
1666,2488
5079,2489
524,2490
4409,2491
3912,2492
4716,2493
849,2494
3709,2495
2646,2496
4037,2497
393,2498
1836,2499
523,2500
4726,2501
6031,2502
808,2503
2142,2504
3782,2505
2750,2506
5264,2507
4826,2508
3088,2509
3626,2510
4031,2511
3586,2512
4920,2513
2634,2514
3218,2515
5260,2516
2021,2517
1776,2518
3967,2519
5265,2520
1267,2521
3175,2522
3545,2523
851,2524
3778,2525
5326,2526
3837,2527
1104,2528
2396,2529
1826,2530
2683,2531
2153,2532
5302,2533
3990,2534
2134,2535
1180,2536
5900,2537
4761,2538
4171,2539
927,2540
3604,2541
1691,2542
5189,2543
1061,2544
603,2545
1261,2546
2192,2547
595,2548
592,2549
2938,2550
1100,2551
5939,2552
2199,2553
2050,2554
1863,2555
4129,2556
4634,2557
3430,2558
831,2559
134,2560
5926,2561
1389,2562
4681,2563
3184,2564
5665,2565
5604,2566
5549,2567
3868,2568
1639,2569
4174,2570
3427,2571
5645,2572
3690,2573
3898,2574
5319,2575
897,2576
168,2577
1561,2578
3942,2579
4597,2580
1940,2581
3946,2582
2632,2583
1285,2584
5622,2585
5490,2586
522,2587
5841,2588
4598,2589
4106,2590
5275,2591
2496,2592
5447,2593
2437,2594
3985,2595
5207,2596
3600,2597
4819,2598
3300,2599
1172,2600
4669,2601
5896,2602
3661,2603
541,2604
2308,2605
3047,2606
91,2607
1086,2608
1255,2609
5846,2610
307,2611
2818,2612
1345,2613
1524,2614
28,2615
5959,2616
2783,2617
5551,2618
5452,2619
1002,2620
4258,2621
3504,2622
5951,2623
4351,2624
3965,2625
1238,2626
4496,2627
5419,2628
5668,2629
5887,2630
5674,2631
3657,2632
2527,2633
1548,2634
3713,2635
3210,2636
3034,2637
668,2638
2815,2639
1669,2640
3888,2641
483,2642
5891,2643
321,2644
24,2645
1809,2646
246,2647
2817,2648
4524,2649
5485,2650
112,2651
1570,2652
3475,2653
4416,2654
5758,2655
5005,2656
4913,2657
818,2658
5750,2659
5987,2660
2221,2661
4896,2662
2048,2663
1225,2664
2246,2665
4897,2666
332,2667
5385,2668
2213,2669
4834,2670
992,2671
202,2672
5285,2673
4084,2674
665,2675
5906,2676
2065,2677
693,2678
2650,2679
1140,2680
2316,2681
1310,2682
5439,2683
3902,2684
4266,2685
2863,2686
1657,2687
2621,2688
2353,2689
5040,2690
1410,2691
5424,2692
2453,2693
2509,2694
1919,2695
1834,2696
5581,2697
3781,2698
5359,2699
695,2700
4133,2701
789,2702
4805,2703
5993,2704
699,2705
1791,2706
3930,2707
4979,2708
3378,2709
1966,2710
111,2711
2300,2712
5897,2713
1245,2714
1338,2715
2290,2716
29,2717
5470,2718
3764,2719
3854,2720
1042,2721
5488,2722
2754,2723
5390,2724
2785,2725
3360,2726
2352,2727
3795,2728
3506,2729
2421,2730
1882,2731
2099,2732
1944,2733
5557,2734
5431,2735
4779,2736
3839,2737
1573,2738
5621,2739
5840,2740
2014,2741
5486,2742
1147,2743
2358,2744
3908,2745
5576,2746
5492,2747
3860,2748
1511,2749
3771,2750
3074,2751
3404,2752
5517,2753
2146,2754
5546,2755
935,2756
126,2757
659,2758
339,2759
27,2760
1909,2761
3843,2762
3401,2763
4239,2764
640,2765
1167,2766
1974,2767
5262,2768
3817,2769
1211,2770
766,2771
1212,2772
3121,2773
3865,2774
1416,2775
3746,2776
3830,2777
2717,2778
3055,2779
4789,2780
2954,2781
325,2782
142,2783
2920,2784
441,2785
2495,2786
2925,2787
2736,2788
5403,2789
4995,2790
14,2791
526,2792
534,2793
2351,2794
4030,2795
3022,2796
337,2797
119,2798
1729,2799
1624,2800
848,2801
5240,2802
3453,2803
1363,2804
151,2805
1997,2806
4713,2807
658,2808
5280,2809
478,2810
3742,2811
3606,2812
5543,2813
4840,2814
4199,2815
5113,2816
3863,2817
276,2818
3521,2819
4658,2820
5093,2821
2903,2822
5337,2823
1303,2824
2524,2825
1736,2826
1581,2827
2651,2828
3920,2829
2908,2830
3316,2831
4426,2832
5691,2833
3818,2834
1889,2835
940,2836
874,2837
5239,2838
4811,2839
5078,2840
1942,2841
6010,2842
1231,2843
4838,2844
2670,2845
4172,2846
3653,2847
5591,2848
2663,2849
2760,2850
5995,2851
498,2852
4633,2853
2716,2854
5639,2855
3200,2856
5932,2857
3806,2858
1496,2859
172,2860
4833,2861
812,2862
3797,2863
3459,2864
2449,2865
1330,2866
728,2867
242,2868
472,2869
3750,2870
363,2871
1317,2872
1397,2873
2578,2874
5794,2875
4180,2876
2500,2877
195,2878
3216,2879
4395,2880
4267,2881
5522,2882
3170,2883
4140,2884
2322,2885
4568,2886
3130,2887
2499,2888
1253,2889
1240,2890
3502,2891
2156,2892
5580,2893
4971,2894
1869,2895
3312,2896
2498,2897
617,2898
4621,2899
3961,2900
2109,2901
368,2902
2218,2903
4480,2904
2845,2905
1871,2906
1609,2907
722,2908
3745,2909
4206,2910
4839,2911
4895,2912
250,2913
3039,2914
1456,2915
4118,2916
4687,2917
3973,2918
3447,2919
2408,2920
4977,2921
1924,2922
5467,2923
4379,2924
3131,2925
2251,2926
4774,2927
3052,2928
3849,2929
5234,2930
3139,2931
2174,2932
1488,2933
470,2934
5544,2935
3099,2936
3233,2937
1921,2938
1689,2939
84,2940
850,2941
4732,2942
5304,2943
620,2944
4387,2945
3059,2946
5360,2947
1301,2948
2237,2949
164,2950
3448,2951
139,2952
4170,2953
1027,2954
1280,2955
4259,2956
973,2957
5352,2958
5295,2959
4028,2960
3349,2961
277,2962
22,2963
3514,2964
333,2965
4958,2966
1715,2967
378,2968
217,2969
1544,2970
3577,2971
1990,2972
5608,2973
5616,2974
1740,2975
4876,2976
4195,2977
3707,2978
4173,2979
1518,2980
2631,2981
2207,2982
1254,2983
4487,2984
1073,2985
5458,2986
670,2987
5859,2988
2111,2989
1485,2990
5555,2991
41,2992
3400,2993
453,2994
2825,2995
1972,2996
3845,2997
1505,2998
1139,2999
622,3000
3615,3001
1853,3002
5755,3003
919,3004
5698,3005
2841,3006
3791,3007
5384,3008
353,3009
2442,3010
3411,3011
2080,3012
1242,3013
1170,3014
4815,3015
5649,3016
2973,3017
3162,3018
284,3019
5188,3020
844,3021
1062,3022
6036,3023
1278,3024
258,3025
1519,3026
1854,3027
3629,3028
500,3029
3058,3030
1682,3031
2909,3032
2230,3033
2893,3034
3608,3035
4006,3036
3299,3037
3018,3038
4588,3039
4586,3040
2253,3041
2761,3042
3926,3043
4361,3044
188,3045
3529,3046
6006,3047
302,3048
4962,3049
2446,3050
5865,3051
229,3052
1209,3053
3383,3054
4918,3055
3388,3056
1920,3057
1582,3058
5236,3059
127,3060
1367,3061
1421,3062
5429,3063
1763,3064
220,3065
2361,3066
4215,3067
3149,3068
2627,3069
421,3070
3939,3071
5749,3072
101,3073
1606,3074
115,3075
996,3076
3198,3077
5816,3078
3929,3079
2904,3080
2682,3081
4061,3082
800,3083
2279,3084
2166,3085
5762,3086
5726,3087
2046,3088
4077,3089
3968,3090
563,3091
3144,3092
4927,3093
5122,3094
5872,3095
5766,3096
5992,3097
5501,3098
3197,3099
1342,3100
1549,3101
4318,3102
5084,3103
3389,3104
2484,3105
2730,3106
2553,3107
5929,3108
4420,3109
5182,3110
4473,3111
4810,3112
3414,3113
4392,3114
804,3115
3182,3116
5536,3117
3678,3118
3066,3119
1536,3120
3084,3121
4916,3122
5134,3123
4091,3124
3438,3125
527,3126
1206,3127
70,3128
4373,3129
1650,3130
1835,3131
5815,3132
3544,3133
4719,3134
2691,3135
1425,3136
5961,3137
5430,3138
1987,3139
4350,3140
2271,3141
291,3142
4600,3143
5568,3144
5002,3145
1072,3146
3694,3147
569,3148
2649,3149
4484,3150
4186,3151
264,3152
1529,3153
5136,3154
344,3155
3596,3156
854,3157
1755,3158
5843,3159
4674,3160
4362,3161
3628,3162
2364,3163
4675,3164
5525,3165
4605,3166
3621,3167
2110,3168
4177,3169
2819,3170
5413,3171
3019,3172
1349,3173
1315,3174
5293,3175
5377,3176
5313,3177
813,3178
2413,3179
5527,3180
5562,3181
5141,3182
5999,3183
3756,3184
3503,3185
156,3186
4706,3187
1988,3188
3169,3189
4836,3190
4218,3191
3825,3192
5249,3193
2945,3194
177,3195
2847,3196
1021,3197
5914,3198
4033,3199
1046,3200
3573,3201
3319,3202
5443,3203
455,3204
5398,3205
1248,3206
506,3207
5089,3208
4703,3209
1569,3210
799,3211
3493,3212
5046,3213
4970,3214
3132,3215
1029,3216
1403,3217
1470,3218
4855,3219
4117,3220
4216,3221
5770,3222
1654,3223
3229,3224
2725,3225
1132,3226
5587,3227
1513,3228
753,3229
5021,3230
5162,3231
1432,3232
883,3233
2033,3234
4207,3235
5971,3236
5172,3237
5118,3238
1777,3239
3945,3240
1648,3241
4424,3242
1348,3243
3611,3244
4509,3245
249,3246
736,3247
2259,3248
4961,3249
4994,3250
1830,3251
15,3252
1450,3253
4941,3254
419,3255
1875,3256
2899,3257
4612,3258
925,3259
4224,3260
4442,3261
2152,3262
2482,3263
5257,3264
1475,3265
3385,3266
2569,3267
2464,3268
4882,3269
2727,3270
3095,3271
2546,3272
5253,3273
2261,3274
2688,3275
2127,3276
4561,3277
3574,3278
1429,3279
5857,3280
988,3281
2803,3282
508,3283
2604,3284
377,3285
6020,3286
2974,3287
1721,3288
2735,3289
2459,3290
1735,3291
3871,3292
256,3293
5746,3294
1138,3295
2374,3296
1700,3297
4445,3298
3931,3299
4604,3300
4867,3301
846,3302
4191,3303
1401,3304
5861,3305
2661,3306
3547,3307
3166,3308
2872,3309
4506,3310
2315,3311
4115,3312
397,3313
2386,3314
3576,3315
5595,3316
1259,3317
3076,3318
365,3319
2723,3320
2029,3321
2291,3322
2769,3323
664,3324
3527,3325
568,3326
5880,3327
3012,3328
3129,3329
1861,3330
3262,3331
4735,3332
828,3333
4698,3334
2339,3335
1364,3336
491,3337
5210,3338
5727,3339
5741,3340
5545,3341
2390,3342
5866,3343
2431,3344
1808,3345
4101,3346
5192,3347
2510,3348
748,3349
4285,3350
4751,3351
456,3352
1117,3353
1201,3354
5422,3355
1917,3356
832,3357
3431,3358
2733,3359
3420,3360
2994,3361
2234,3362
3479,3363
3036,3364
1537,3365
4428,3366
2007,3367
777,3368
1111,3369
1796,3370
976,3371
3949,3372
5412,3373
2793,3374
5018,3375
4603,3376
5611,3377
1866,3378
2792,3379
5881,3380
5862,3381
3562,3382
4615,3383
2565,3384
2788,3385
4641,3386
260,3387
2070,3388
1452,3389
2548,3390
4309,3391
803,3392
780,3393
1612,3394
4562,3395
749,3396
3826,3397
1827,3398
5937,3399
4490,3400
1155,3401
5435,3402
1965,3403
1360,3404
3160,3405
537,3406
2821,3407
3081,3408
3481,3409
1975,3410
4516,3411
1576,3412
3620,3413
877,3414
2395,3415
102,3416
1114,3417
656,3418
4963,3419
4414,3420
2400,3421
4123,3422
2041,3423
4930,3424
4435,3425
1448,3426
4671,3427
4835,3428
503,3429
1983,3430
3693,3431
1359,3432
2115,3433
5867,3434
1427,3435
758,3436
4205,3437
5343,3438
5548,3439
4168,3440
1277,3441
196,3442
3013,3443
4848,3444
4898,3445
426,3446
5061,3447
648,3448
2896,3449
5388,3450
2680,3451
5317,3452
473,3453
4116,3454
32,3455
5570,3456
1837,3457
1094,3458
183,3459
6023,3460
46,3461
2868,3462
5427,3463
4646,3464
2878,3465
944,3466
4900,3467
5219,3468
829,3469
2738,3470
2140,3471
1474,3472
157,3473
2698,3474
5402,3475
904,3476
649,3477
1899,3478
2537,3479
5586,3480
1039,3481
5184,3482
199,3483
3697,3484
2764,3485
4887,3486
4275,3487
5879,3488
1189,3489
4156,3490
4571,3491
1151,3492
4282,3493
2473,3494
1597,3495
1640,3496
374,3497
1545,3498
3031,3499
3230,3500
3298,3501
5565,3502
1120,3503
5677,3504
5230,3505
5082,3506
4120,3507
4197,3508
1532,3509
5246,3510
5837,3511
787,3512
3702,3513
1003,3514
2143,3515
2794,3516
465,3517
3977,3518
604,3519
5704,3520
1999,3521
1479,3522
1770,3523
5538,3524
1686,3525
2755,3526
5797,3527
2214,3528
706,3529
3159,3530
5875,3531
310,3532
1190,3533
1370,3534
3803,3535
3964,3536
920,3537
2832,3538
2918,3539
5567,3540
3136,3541
4738,3542
5577,3543
2768,3544
4089,3545
4843,3546
5629,3547
2092,3548
2513,3549
896,3550
2926,3551
4088,3552
5855,3553
5671,3554
3107,3555
2665,3556
130,3557
918,3558
2656,3559
3279,3560
5032,3561
3207,3562
4492,3563
2520,3564
4967,3565
4324,3566
4745,3567
2451,3568
1307,3569
3347,3570
358,3571
6034,3572
5991,3573
5057,3574
2321,3575
4557,3576
1000,3577
2864,3578
3255,3579
916,3580
936,3581
4668,3582
2745,3583
1718,3584
4413,3585
1445,3586
2826,3587
3156,3588
4301,3589
4035,3590
3491,3591
290,3592
3517,3593
2085,3594
720,3595
3850,3596
4866,3597
3296,3598
915,3599
5406,3600
1075,3601
2718,3602
3974,3603
5933,3604
697,3605
5340,3606
1115,3607
4545,3608
3624,3609
5367,3610
679,3611
2034,3612
1019,3613
972,3614
5476,3615
4167,3616
4073,3617
5952,3618
1579,3619
1031,3620
141,3621
5637,3622
4791,3623
3280,3624
4939,3625
2950,3626
3128,3627
1036,3628
2526,3629
5628,3630
3537,3631
1279,3632
3343,3633
3007,3634
5693,3635
2580,3636
872,3637
4389,3638
2447,3639
79,3640
2679,3641
4542,3642
1706,3643
1069,3644
938,3645
5218,3646
4367,3647
2597,3648
5572,3649
770,3650
2756,3651
4104,3652
1260,3653
5227,3654
1786,3655
2624,3656
5160,3657
2375,3658
1939,3659
4504,3660
5854,3661
5077,3662
1334,3663
225,3664
4602,3665
615,3666
1008,3667
72,3668
4997,3669
4757,3670
3852,3671
5315,3672
2170,3673
2971,3674
3704,3675
2594,3676
3846,3677
893,3678
128,3679
123,3680
505,3681
4955,3682
4321,3683
3706,3684
1183,3685
4784,3686
3650,3687
1361,3688
435,3689
3584,3690
2939,3691
724,3692
3793,3693
149,3694
78,3695
2095,3696
2327,3697
3455,3698
5258,3699
5193,3700
1614,3701
5307,3702
739,3703
399,3704
5479,3705
3786,3706
4831,3707
4613,3708
5108,3709
703,3710
871,3711
2742,3712
560,3713
3234,3714
3137,3715
2340,3716
2514,3717
3525,3718
215,3719
4889,3720
5955,3721
2802,3722
4573,3723
743,3724
3643,3725
5848,3726
3051,3727
2890,3728
2601,3729
116,3730
50,3731
6039,3732
298,3733
3192,3734
4650,3735
3336,3736
1175,3737
1754,3738
5091,3739
1865,3740
3310,3741
1314,3742
92,3743
471,3744
5271,3745
4327,3746
2277,3747
3189,3748
5703,3749
1989,3750
2519,3751
2982,3752
3881,3753
1956,3754
1515,3755
5477,3756
348,3757
163,3758
1925,3759
106,3760
5129,3761
89,3762
2238,3763
5459,3764
5944,3765
2053,3766
3752,3767
1088,3768
4182,3769
5484,3770
48,3771
4796,3772
891,3773
5904,3774
5120,3775
591,3776
1256,3777
3353,3778
779,3779
4611,3780
2805,3781
1070,3782
5610,3783
433,3784
4060,3785
531,3786
5423,3787
2811,3788
5245,3789
4294,3790
2610,3791
3989,3792
5593,3793
900,3794
2914,3795
3452,3796
2349,3797
5372,3798
5181,3799
641,3800
3231,3801
4348,3802
4299,3803
881,3804
5006,3805
2004,3806
5130,3807
4370,3808
104,3809
1351,3810
3436,3811
3876,3812
3433,3813
5651,3814
3469,3815
1619,3816
2458,3817
791,3818
5852,3819
565,3820
2759,3821
3768,3822
1900,3823
4862,3824
2094,3825
2052,3826
1123,3827
5811,3828
5110,3829
3173,3830
1502,3831
3155,3832
673,3833
2418,3834
4255,3835
2363,3836
2861,3837
2888,3838
4094,3839
4795,3840
2247,3841
313,3842
968,3843
1591,3844
4,3845
762,3846
5958,3847
4581,3848
5724,3849
576,3850
3540,3851
1237,3852
1057,3853
3645,3854
4686,3855
4489,3856
3056,3857
3387,3858
4978,3859
1623,3860
474,3861
4662,3862
3390,3863
542,3864
450,3865
3509,3866
1362,3867
1973,3868
1514,3869
2088,3870
1877,3871
3662,3872
5596,3873
3631,3874
1927,3875
1218,3876
5972,3877
3472,3878
2676,3879
3969,3880
5288,3881
4378,3882
984,3883
334,3884
1948,3885
3174,3886
1223,3887
4730,3888
5399,3889
2895,3890
882,3891
4584,3892
3185,3893
4742,3894
2894,3895
3960,3896
2791,3897
785,3898
4711,3899
2504,3900
487,3901
3291,3902
5590,3903
185,3904
5127,3905
2696,3906
434,3907
2481,3908
1685,3909
788,3910
1628,3911
2511,3912
796,3913
4628,3914
2620,3915
2853,3916
3663,3917
4690,3918
1420,3919
5695,3920
5041,3921
3267,3922
2124,3923
768,3924
733,3925
144,3926
5312,3927
2692,3928
4124,3929
2579,3930
2584,3931
2660,3932
4446,3933
121,3934
4313,3935
5020,3936
2008,3937
3616,3938
5552,3939
2729,3940
553,3941
4759,3942
6011,3943
5228,3944
2583,3945
76,3946
994,3947
2722,3948
316,3949
4393,3950
4358,3951
5115,3952
5575,3953
1126,3954
4227,3955
1534,3956
5511,3957
857,3958
5767,3959
2438,3960
3582,3961
2474,3962
4092,3963
3897,3964
3421,3965
3890,3966
5569,3967
5325,3968
154,3969
1918,3970
3201,3971
4660,3972
5532,3973
2011,3974
1646,3975
201,3976
4023,3977
5483,3978
3836,3979
798,3980
2885,3981
2782,3982
3082,3983
2025,3984
2480,3985
5614,3986
1380,3987
2912,3988
1608,3989
439,3990
4989,3991
4980,3992
2816,3993
3146,3994
2917,3995
1996,3996
1986,3997
4466,3998
2102,3999
5643,4000
4114,4001
39,4002
1354,4003
5547,4004
4762,4005
3594,4006
2441,4007
5233,4008
107,4009
2744,4010
4679,4011
5889,4012
501,4013
5814,4014
2031,4015
391,4016
5026,4017
3278,4018
2789,4019
1153,4020
5658,4021
205,4022
1336,4023
440,4024
1084,4025
5473,4026
3532,4027
4463,4028
2182,4029
2354,4030
3668,4031
5460,4032
3765,4033
5183,4034
1632,4035
3272,4036
3816,4037
2928,4038
761,4039
5925,4040
12,4041
3334,4042
4449,4043
2401,4044
515,4045
1406,4046
2367,4047
1977,4048
2637,4049
610,4050
3124,4051
1202,4052
1912,4053
2470,4054
4694,4055
1563,4056
5456,4057
1,4058
2976,4059
2905,4060
5690,4061
3637,4062
556,4063
533,4064
5283,4065
4883,4066
2740,4067
1868,4068
314,4069
4682,4070
1672,4071
1113,4072
5507,4073
2525,4074
5793,4075
612,4076
2837,4077
869,4078
497,4079
2773,4080
5382,4081
719,4082
5765,4083
5509,4084
2822,4085
3933,4086
4020,4087
176,4088
1696,4089
2391,4090
1305,4091
3934,4092
3294,4093
1742,4094
1081,4095
1467,4096
1414,4097
3402,4098
476,4099
2828,4100
5739,4101
3352,4102
1509,4103
3996,4104
3579,4105
3511,4106
2887,4107
5806,4108
5717,4109
5064,4110
5975,4111
1607,4112
214,4113
5502,4114
2476,4115
5269,4116
1090,4117
4151,4118
3937,4119
4356,4120
147,4121
360,4122
3838,4123
4892,4124
698,4125
5244,4126
259,4127
2466,4128
341,4129
911,4130
3167,4131
1929,4132
2217,4133
4193,4134
2731,4135
1244,4136
4708,4137
2642,4138
2968,4139
755,4140
3368,4141
3127,4142
3317,4143
2469,4144
4153,4145
1271,4146
5446,4147
3393,4148
3952,4149
1408,4150
2245,4151
25,4152
852,4153
3858,4154
18,4155
392,4156
3847,4157
5361,4158
3206,4159
1378,4160
1862,4161
6018,4162
224,4163
1365,4164
3237,4165
3522,4166
3141,4167
3089,4168
4326,4169
1762,4170
1435,4171
5104,4172
5464,4173
4074,4174
36,4175
5306,4176
1144,4177
3748,4178
227,4179
4772,4180
2289,4181
1196,4182
939,4183
463,4184
5827,4185
3118,4186
3101,4187
5634,4188
1652,4189
5213,4190
5291,4191
3217,4192
3408,4193
5909,4194
1108,4195
4515,4196
1458,4197
4287,4198
876,4199
2450,4200
3501,4201
3685,4202
5449,4203
1222,4204
4003,4205
3010,4206
3808,4207
3119,4208
1542,4209
373,4210
2149,4211
3539,4212
5058,4213
2440,4214
5386,4215
4807,4216
3017,4217
5641,4218
192,4219
2406,4220
1176,4221
5868,4222
3784,4223
4354,4224
5656,4225
4525,4226
2075,4227
4017,4228
1787,4229
1627,4230
3982,4231
1098,4232
2798,4233
1821,4234
1598,4235
5916,4236
4766,4237
878,4238
3882,4239
3906,4240
967,4241
384,4242
5640,4243
4619,4244
3381,4245
1274,4246
1215,4247
3025,4248
894,4249
1995,4250
3962,4251
2771,4252
4154,4253
4190,4254
718,4255
1035,4256
3654,4257
1801,4258
1675,4259
2856,4260
3177,4261
4987,4262
2643,4263
30,4264
216,4265
1503,4266
2534,4267
3288,4268
2842,4269
5653,4270
793,4271
240,4272
1969,4273
1592,4274
20,4275
3744,4276
4331,4277
2215,4278
3970,4279
82,4280
2935,4281
4567,4282
5225,4283
5716,4284
3104,4285
5496,4286
4149,4287
1699,4288
3398,4289
3998,4290
5763,4291
1121,4292
4559,4293
3550,4294
2350,4295
1054,4296
4638,4297
5273,4298
4580,4299
2114,4300
1820,4301
2919,4302
1616,4303
5833,4304
1495,4305
5617,4306
4717,4307
1698,4308
2232,4309
1749,4310
1963,4311
2964,4312
4972,4313
4990,4314
5330,4315
4678,4316
4472,4317
3242,4318
383,4319
3792,4320
2163,4321
1412,4322
3105,4323
3223,4324
4277,4325
3030,4326
6033,4327
650,4328
711,4329
4427,4330
3396,4331
5332,4332
943,4333
765,4334
5037,4335
1127,4336
1674,4337
5014,4338
825,4339
2508,4340
1662,4341
194,4342
4776,4343
5096,4344
774,4345
5803,4346
2028,4347
1896,4348
969,4349
2687,4350
1849,4351
479,4352
3543,4353
2242,4354
3880,4355
890,4356
1199,4357
593,4358
3848,4359
887,4360
5356,4361
1340,4362
862,4363
2547,4364
4688,4365
4902,4366
2336,4367
5197,4368
489,4369
4879,4370
5790,4371
2827,4372
4415,4373
4837,4374
309,4375
1299,4376
2707,4377
3292,4378
5214,4379
5489,4380
1125,4381
861,4382
5468,4383
1373,4384
359,4385
56,4386
2325,4387
294,4388
5187,4389
2373,4390
4664,4391
638,4392
4257,4393
159,4394
4631,4395
4488,4396
4813,4397
3535,4398
2752,4399
1752,4400
2503,4401
361,4402
5335,4403
5281,4404
200,4405
1335,4406
2136,4407
4760,4408
4493,4409
3220,4410
4899,4411
449,4412
5721,4413
5707,4414
5328,4415
6030,4416
3763,4417
1044,4418
2072,4419
1567,4420
3512,4421
4731,4422
364,4423
4374,4424
1732,4425
3042,4426
3893,4427
3178,4428
4444,4429
1585,4430
3260,4431
4342,4432
754,4433
2036,4434
3715,4435
3680,4436
4404,4437
4589,4438
2100,4439
3454,4440
1333,4441
467,4442
5626,4443
5520,4444
2983,4445
4909,4446
1601,4447
3335,4448
103,4449
4793,4450
1119,4451
4582,4452
4673,4453
654,4454
3915,4455
5202,4456
3822,4457
730,4458
165,4459
1411,4460
3878,4461
578,4462
1773,4463
4802,4464
1824,4465
621,4466
4723,4467
4222,4468
2720,4469
4024,4470
4507,4471
5708,4472
1083,4473
4881,4474
951,4475
5813,4476
2254,4477
5573,4478
5048,4479
2304,4480
5514,4481
4569,4482
2049,4483
423,4484
5885,4485
1720,4486
4178,4487
4086,4488
3609,4489
5809,4490
3449,4491
3399,4492
3909,4493
3557,4494
1289,4495
5463,4496
4000,4497
2081,4498
2090,4499
3269,4500
1066,4501
3116,4502
3083,4503
2542,4504
5847,4505
933,4506
4355,4507
1908,4508
3510,4509
5713,4510
3485,4511
4043,4512
3148,4513
4052,4514
462,4515
87,4516
407,4517
1803,4518
5692,4519
2924,4520
2243,4521
4146,4522
3339,4523
1249,4524
4377,4525
1163,4526
1846,4527
1934,4528
520,4529
991,4530
5882,4531
1006,4532
4577,4533
3075,4534
3487,4535
4110,4536
806,4537
4429,4538
4139,4539
5661,4540
5631,4541
744,4542
3204,4543
4016,4544
3821,4545
1341,4546
2343,4547
3318,4548
120,4549
4497,4550
4512,4551
5310,4552
3077,4553
1169,4554
3307,4555
3187,4556
4316,4557
4494,4558
5574,4559
2843,4560
1594,4561
1181,4562
2187,4563
1177,4564
644,4565
4903,4566
4009,4567
683,4568
1885,4569
1122,4570
1298,4571
2522,4572
2126,4573
5974,4574
3869,4575
3494,4576
1822,4577
234,4578
3247,4579
2030,4580
3589,4581
1149,4582
3227,4583
329,4584
2812,4585
4231,4586
230,4587
2398,4588
1701,4589
5123,4590
5930,4591
1393,4592
5657,4593
2465,4594
1955,4595
1725,4596
5498,4597
5248,4598
826,4599
2313,4600
488,4601
4159,4602
1186,4603
4055,4604
3253,4605
4102,4606
598,4607
4335,4608
2857,4609
5493,4610
1748,4611
5177,4612
2162,4613
3828,4614
4986,4615
1558,4616
4044,4617
5043,4618
3755,4619
4478,4620
5982,4621
5165,4622
5696,4623
95,4624
3610,4625
3714,4626
590,4627
85,4628
1756,4629
1901,4630
4556,4631
1893,4632
4261,4633
3783,4634
4639,4635
3549,4636
4382,4637
10,4638
2979,4639
3214,4640
3147,4641
206,4642
1998,4643
347,4644
1516,4645
4528,4646
676,4647
855,4648
1483,4649
2949,4650
5031,4651
1096,4652
5760,4653
4271,4654
2560,4655
2404,4656
3212,4657
4155,4658
35,4659
3091,4660
4520,4661
5191,4662
4691,4663
5924,4664
4383,4665
5550,4666
252,4667
11,4668
2425,4669
6005,4670
1494,4671
2135,4672
5348,4673
1498,4674
5071,4675
1079,4676
5086,4677
1936,4678
4344,4679
2647,4680
4148,4681
5067,4682
1724,4683
599,4684
2439,4685
2103,4686
213,4687
1586,4688
4564,4689
5832,4690
303,4691
5960,4692
1347,4693
2804,4694
3405,4695
3379,4696
5069,4697
3801,4698
1107,4699
2128,4700
4022,4701
2054,4702
5341,4703
1856,4704
1012,4705
3038,4706
3569,4707
756,4708
629,4709
4366,4710
2355,4711
148,4712
4885,4713
2160,4714
3140,4715
1273,4716
5033,4717
4019,4718
5416,4719
3639,4720
2562,4721
167,4722
4877,4723
5740,4724
55,4725
2138,4726
646,4727
2179,4728
2208,4729
431,4730
2673,4731
3006,4732
1510,4733
3008,4734
5387,4735
5647,4736
2561,4737
4654,4738
484,4739
3555,4740
388,4741
5015,4742
5013,4743
4483,4744
1951,4745
3049,4746
2797,4747
1306,4748
3885,4749
3246,4750
581,4751
495,4752
1191,4753
1634,4754
3143,4755
1321,4756
4910,4757
2882,4758
4618,4759
2125,4760
5351,4761
1391,4762
2869,4763
4417,4764
1257,4765
2086,4766
4200,4767
2600,4768
4304,4769
1670,4770
1143,4771
4095,4772
3995,4773
5066,4774
5098,4775
3638,4776
3093,4777
584,4778
5747,4779
2051,4780
864,4781
4352,4782
3941,4783
4423,4784
4252,4785
4563,4786
1992,4787
2370,4788
1583,4789
4931,4790
3250,4791
672,4792
322,4793
410,4794
2940,4795
2240,4796
4535,4797
987,4798
5462,4799
357,4800
3416,4801
379,4802
2876,4803
1823,4804
2256,4805
4069,4806
3625,4807
4328,4808
2587,4809
3332,4810
929,4811
4284,4812
5323,4813
5731,4814
5299,4815
1813,4816
3595,4817
2697,4818
1527,4819
1426,4820
3734,4821
5107,4822
963,4823
1405,4824
3287,4825
5137,4826
2201,4827
4996,4828
1653,4829
279,4830
4790,4831
5347,4832
1575,4833
5354,4834
2780,4835
1382,4836
3004,4837
4517,4838
133,4839
184,4840
4075,4841
709,4842
5252,4843
3813,4844
3762,4845
2700,4846
2953,4847
1422,4848
5915,4849
4081,4850
3361,4851
4905,4852
3686,4853
3618,4854
1757,4855
4232,4856
1103,4857
2472,4858
5748,4859
2184,4860
5083,4861
3356,4862
4453,4863
1133,4864
2211,4865
335,4866
997,4867
3561,4868
1157,4869
1914,4870
912,4871
2417,4872
2543,4873
2501,4874
886,4875
4226,4876
4376,4877
643,4878
5472,4879
1068,4880
2946,4881
5238,4882
5146,4883
34,4884
2846,4885
4992,4886
3001,4887
2357,4888
155,4889
2997,4890
5297,4891
1179,4892
1440,4893
4816,4894
5068,4895
2787,4896
3322,4897
3520,4898
3578,4899
5094,4900
2626,4901
2970,4902
1288,4903
4724,4904
336,4905
4333,4906
4685,4907
521,4908
1010,4909
3691,4910
5128,4911
5799,4912
4281,4913
4620,4914
842,4915
346,4916
5719,4917
510,4918
5397,4919
5533,4920
5830,4921
428,4922
2611,4923
3779,4924
1907,4925
493,4926
5669,4927
4406,4928
5729,4929
3087,4930
5685,4931
5602,4932
4915,4933
577,4934
4007,4935
4864,4936
3037,4937
3199,4938
535,4939
681,4940
2747,4941
1229,4942
5540,4943
5028,4944
204,4945
5673,4946
4543,4947
3062,4948
1413,4949
509,4950
3546,4951
5294,4952
4238,4953
1193,4954
4705,4955
786,4956
3046,4957
4459,4958
567,4959
4250,4960
2684,4961
3293,4962
4828,4963
4078,4964
1793,4965
3759,4966
4394,4967
2478,4968
6037,4969
1390,4970
2654,4971
5114,4972
637,4973
815,4974
6015,4975
2018,4976
3168,4977
5292,4978
1386,4979
4704,4980
738,4981
2105,4982
4396,4983
3157,4984
5905,4985
5195,4986
3238,4987
2678,4988
562,4989
2810,4990
2936,4991
4451,4992
2662,4993
7,4994
2076,4995
4364,4996
3667,4997
3284,4998
1552,4999
910,5000
795,5001
1198,5002
512,5003
2922,5004
1304,5005
2306,5006
4407,5007
4874,5008
4755,5009
2485,5010
1880,5011
3553,5012
1530,5013
4315,5014
5426,5015
5375,5016
4202,5017
5966,5018
5478,5019
609,5020
198,5021
1004,5022
1898,5023
3649,5024
3585,5025
4419,5026
1602,5027
5355,5028
1455,5029
1080,5030
518,5031
5438,5032
4531,5033
1991,5034
633,5035
1638,5036
427,5037
271,5038
4495,5039
4592,5040
4220,5041
1325,5042
238,5043
1219,5044
3478,5045
5826,5046
2454,5047
775,5048
1728,5049
4522,5050
2112,5051
5147,5052
2669,5053
924,5054
3708,5055
3877,5056
2181,5057
5512,5058
3338,5059
4187,5060
446,5061
2132,5062
1110,5063
1235,5064
40,5065
3362,5066
1507,5067
6017,5068
3078,5069
1224,5070
5022,5071
5274,5072
2268,5073
3326,5074
4293,5075
1332,5076
928,5077
1964,5078
389,5079
909,5080
2150,5081
2889,5082
2383,5083
1959,5084
1815,5085
3554,5086
639,5087
2097,5088
2061,5089
772,5090
5168,5091
5519,5092
3365,5093
5667,5094
1772,5095
2721,5096
605,5097
3070,5098
221,5099
596,5100
162,5101
2477,5102
3957,5103
5282,5104
1493,5105
4764,5106
296,5107
3305,5108
5597,5109
4643,5110
5818,5111
4630,5112
5985,5113
1250,5114
2834,5115
3732,5116
1265,5117
2556,5118
970,5119
1557,5120
3181,5121
2585,5122
5989,5123
1747,5124
2554,5125
2236,5126
2487,5127
2883,5128
1858,5129
2388,5130
2772,5131
5055,5132
3257,5133
5417,5134
5329,5135
1982,5136
3423,5137
1626,5138
4950,5139
3923,5140
2690,5141
2573,5142
1928,5143
5100,5144
2226,5145
1812,5146
3992,5147
2231,5148
1873,5149
1905,5150
1543,5151
4166,5152
1767,5153
4661,5154
5376,5155
742,5156
3153,5157
5445,5158
4854,5159
231,5160
4305,5161
4984,5162
3831,5163
5769,5164
4062,5165
3687,5166
4710,5167
74,5168
1717,5169
3892,5170
5415,5171
4527,5172
954,5173
5346,5174
1399,5175
4450,5176
3363,5177
4893,5178
4822,5179
4921,5180
607,5181
4162,5182
1656,5183
4243,5184
2930,5185
3726,5186
3612,5187
1295,5188
5103,5189
2871,5190
4737,5191
5878,5192
1200,5193
60,5194
953,5195
2122,5196
448,5197
3044,5198
4398,5199
257,5200
2380,5201
4680,5202
5618,5203
5976,5204
2839,5205
1431,5206
1492,5207
2116,5208
5736,5209
5047,5210
964,5211
4938,5212
5853,5213
608,5214
4477,5215
2902,5216
475,5217
1203,5218
3370,5219
3921,5220
223,5221
867,5222
2712,5223
63,5224
5822,5225
5893,5226
1150,5227
4814,5228
1262,5229
2824,5230
2629,5231
740,5232
3896,5233
1600,5234
1818,5235
1214,5236
4041,5237
2445,5238
2397,5239
4319,5240
1797,5241
2079,5242
5201,5243
4845,5244
5805,5245
3739,5246
4579,5247
2743,5248
286,5249
5732,5250
4130,5251
2096,5252
917,5253
4942,5254
5109,5255
5838,5256
5224,5257
4626,5258
4894,5259
2212,5260
4801,5261
5940,5262
3048,5263
4689,5264
5174,5265
44,5266
4594,5267
1055,5268
3592,5269
2067,5270
1599,5271
4071,5272
3211,5273
3515,5274
1383,5275
1789,5276
4666,5277
764,5278
4850,5279
3632,5280
1911,5281
1904,5282
369,5283
2704,5284
1329,5285
1800,5286
2360,5287
5706,5288
308,5289
5983,5290
3016,5291
993,5292
1292,5293
2342,5294
193,5295
3534,5296
3063,5297
4080,5298
2057,5299
2809,5300
2568,5301
5710,5302
2324,5303
292,5304
5945,5305
2757,5306
4693,5307
3613,5308
351,5309
645,5310
2372,5311
2529,5312
4436,5313
2101,5314
243,5315
5988,5316
1118,5317
247,5318
3329,5319
3256,5320
1660,5321
208,5322
1708,5323
2790,5324
3035,5325
2536,5326
4649,5327
1910,5328
2636,5329
5775,5330
4300,5331
3774,5332
5241,5333
5635,5334
2154,5335
957,5336
2596,5337
3672,5338
1916,5339
2225,5340
986,5341
3829,5342
1683,5343
585,5344
5308,5345
5266,5346
903,5347
5171,5348
5623,5349
2479,5350
3295,5351
3827,5352
841,5353
4087,5354
1324,5355
4849,5356
688,5357
2193,5358
140,5359
4209,5360
58,5361
5938,5362
342,5363
5156,5364
3109,5365
4334,5366
4538,5367
2333,5368
2164,5369
734,5370
317,5371
2285,5372
801,5373
430,5374
3900,5375
1442,5376
5196,5377
4740,5378
1860,5379
4937,5380
727,5381
949,5382
1743,5383
4969,5384
630,5385
2934,5386
38,5387
1938,5388
519,5389
5357,5390
486,5391
3432,5392
1884,5393
1034,5394
3725,5395
4532,5396
4677,5397
1697,5398
2233,5399
1282,5400
4179,5401
4469,5402
4432,5403
1221,5404
4587,5405
5008,5406
2943,5407
4402,5408
2581,5409
3670,5410
3928,5411
5190,5412
4038,5413
2664,5414
4722,5415
3111,5416
67,5417
5010,5418
1761,5419
982,5420
3289,5421
5101,5422
1415,5423
5035,5424
4702,5425
5874,5426
1439,5427
4322,5428
3000,5429
5963,5430
816,5431
3327,5432
396,5433
971,5434
1968,5435
3071,5436
4303,5437
2838,5438
2294,5439
1531,5440
2056,5441
4926,5442
1807,5443
1328,5444
2129,5445
5371,5446
3907,5447
1580,5448
548,5449
3712,5450
5495,5451
989,5452
2532,5453
3245,5454
3760,5455
4256,5456
4736,5457
838,5458
1129,5459
1746,5460
4948,5461
965,5462
4637,5463
3911,5464
1631,5465
2399,5466
3932,5467
1952,5468
2777,5469
5072,5470
752,5471
5950,5472
3648,5473
2087,5474
4648,5475
3473,5476
819,5477
1603,5478
1676,5479
3471,5480
4929,5481
1481,5482
4405,5483
4132,5484
682,5485
1131,5486
6001,5487
2758,5488
1958,5489
1540,5490
2173,5491
5217,5492
2060,5493
4029,5494
5394,5495
1651,5496
4121,5497
5831,5498
1705,5499
5778,5500
3209,5501
2334,5502
6016,5503
558,5504
2800,5505
86,5506
2820,5507
707,5508
1593,5509
3567,5510
751,5511
2224,5512
3842,5513
4947,5514
5383,5515
2666,5516
3727,5517
3480,5518
3029,5519
3456,5520
901,5521
2073,5522
2172,5523
628,5524
4236,5525
4842,5526
191,5527
4399,5528
5085,5529
517,5530
995,5531
3464,5532
3435,5533
2456,5534
4555,5535
1300,5536
5036,5537
4518,5538
4617,5539
1525,5540
2528,5541
2305,5542
834,5543
4653,5544
2774,5545
4391,5546
1843,5547
367,5548
1499,5549
922,5550
3232,5551
398,5552
3450,5553
662,5554
4821,5555
3655,5556
2005,5557
3844,5558
3770,5559
5802,5560
669,5561
3045,5562
1926,5563
6027,5564
2913,5565
5998,5566
268,5567
5560,5568
1490,5569
889,5570
2675,5571
2209,5572
5967,5573
5206,5574
380,5575
219,5576
3344,5577
4161,5578
5977,5579
926,5580
4063,5581
5630,5582
4034,5583
1895,5584
3015,5585
2672,5586
3872,5587
5701,5588
1137,5589
3357,5590
5884,5591
2576,5592
2702,5593
2706,5594
1243,5595
5142,5596
3358,5597
42,5598
651,5599
1667,5600
4583,5601
2165,5602
3158,5603
4462,5604
2965,5605
4461,5606
4878,5607
4823,5608
2047,5609
2229,5610
3377,5611
338,5612
5392,5613
4824,5614
2726,5615
1931,5616
265,5617
2158,5618
4194,5619
174,5620
2191,5621
3283,5622
5499,5623
3373,5624
958,5625
5589,5626
3972,5627
2955,5628
65,5629
3785,5630
173,5631
2314,5632
3424,5633
5321,5634
2167,5635
2427,5636
2865,5637
2335,5638
5216,5639
4122,5640
3889,5641
948,5642
1375,5643
5646,5644
3134,5645
1407,5646
5369,5647
5223,5648
1962,5649
5121,5650
1434,5651
88,5652
1269,5653
1713,5654
4747,5655
1979,5656
3988,5657
2655,5658
4280,5659
1246,5660
3636,5661
985,5662
492,5663
5792,5664
2497,5665
2633,5666
4143,5667
5558,5668
2121,5669
4510,5670
2608,5671
5725,5672
2000,5673
1162,5674
349,5675
490,5676
3607,5677
3434,5678
2045,5679
4347,5680
2062,5681
1780,5682
5779,5683
3102,5684
499,5685
4953,5686
1539,5687
4800,5688
3254,5689
5644,5690
3879,5691
731,5692
1636,5693
1048,5694
1453,5695
4254,5696
2432,5697
2312,5698
4072,5699
574,5700
2879,5701
4783,5702
2185,5703
5990,5704
4329,5705
5921,5706
1722,5707
3276,5708
1210,5709
892,5710
1506,5711
2317,5712
2137,5713
2589,5714
1158,5715
5318,5716
272,5717
5571,5718
5679,5719
2541,5720
3723,5721
323,5722
2422,5723
3870,5724
5672,5725
4482,5726
721,5727
4655,5728
3125,5729
4498,5730
5331,5731
1760,5732
1661,5733
5027,5734
415,5735
390,5736
2043,5737
2916,5738
3442,5739
1814,5740
5087,5741
5231,5742
1381,5743
1521,5744
2120,5745
3461,5746
158,5747
4036,5748
1859,5749
2006,5750
2749,5751
1022,5752
4530,5753
5986,5754
3458,5755
3477,5756
1284,5757
3085,5758
93,5759
5561,5760
2452,5761
3324,5762
244,5763
5,5764
5877,5765
4935,5766
402,5767
2272,5768
5702,5769
4471,5770
4108,5771
5927,5772
3971,5773
2130,5774
1038,5775
345,5776
5175,5777
5820,5778
5038,5779
3410,5780
4505,5781
5670,5782
1671,5783
3904,5784
2443,5785
4830,5786
5609,5787
3117,5788
1501,5789
1331,5790
4684,5791
5782,5792
3311,5793
1227,5794
4607,5795
3418,5796
1404,5797
710,5798
1326,5799
1980,5800
4039,5801
4491,5802
2517,5803
4437,5804
3235,5805
3905,5806
1251,5807
1961,5808
2255,5809
2013,5810
2042,5811
2728,5812
5226,5813
81,5814
5440,5815
3274,5816
6002,5817
898,5818
626,5819
1677,5820
2538,5821
1286,5822
2607,5823
588,5824
4809,5825
2593,5826
4475,5827
180,5828
4263,5829
3080,5830
1087,5831
3072,5832
5425,5833
2264,5834
945,5835
3617,5836
5222,5837
1290,5838
1831,5839
2177,5840
3614,5841
3194,5842
3110,5843
1693,5844
13,5845
1337,5846
1053,5847
2069,5848
480,5849
5374,5850
2545,5851
2019,5852
5743,5853
2077,5854
1673,5855
4109,5856
1832,5857
1659,5858
2216,5859
1649,5860
1270,5861
1319,5862
5474,5863
4629,5864
5016,5865
3855,5866
4440,5867
544,5868
5270,5869
3096,5870
4160,5871
1268,5872
1047,5873
564,5874
457,5875
425,5876
4884,5877
5675,5878
2705,5879
3696,5880
4868,5881
1095,5882
5917,5883
6014,5884
2084,5885
2988,5886
4627,5887
4204,5888
3799,5889
3302,5890
4521,5891
820,5892
4846,5893
5401,5894
4943,5895
1613,5896
3698,5897
4940,5898
3572,5899
5524,5900
1559,5901
2183,5902
5752,5903
2927,5904
3409,5905
696,5906
4268,5907
4131,5908
1737,5909
459,5910
3679,5911
5199,5912
5745,5913
5111,5914
3406,5915
3840,5916
239,5917
5510,5918
2178,5919
5381,5920
2420,5921
2625,5922
4265,5923
4550,5924
5737,5925
261,5926
5705,5927
1468,5928
2263,5929
624,5930
3239,5931
4923,5932
3374,5933
2328,5934
974,5935
2694,5936
1486,5937
5349,5938
4372,5939
5001,5940
3559,5941
2210,5942
4966,5943
5554,5944
1011,5945
3864,5946
5582,5947
4606,5948
